0 33 0.901300
0 211 0.896751
0 87 0.893837
0 148 0.891792
0 104 0.890021
0 224 0.889499
0 163 0.885822
0 60 0.885612
0 5 0.885212
0 27 0.884994
1 223 0.867475
1 91 0.865916
1 234 0.864332
1 42 0.860579
1 251 0.860502
1 69 0.860389
1 170 0.860229
1 201 0.859524
1 78 0.859512
1 246 0.859135
2 252 0.878445
2 229 0.877149
2 73 0.875912
2 15 0.873983
2 136 0.873605
2 180 0.871596
2 39 0.871439
2 227 0.870861
2 243 0.869977
2 220 0.869818
3 170 0.873164
3 129 0.871008
3 59 0.865584
3 38 0.865371
3 175 0.863739
3 167 0.863735
3 133 0.863084
3 231 0.862737
3 174 0.862442
3 232 0.862122
4 120 0.905189
4 169 0.904508
4 220 0.898653
4 159 0.898389
4 164 0.887505
4 171 0.886291
4 182 0.884242
4 126 0.880632
4 251 0.879483
4 10 0.876571
5 0 0.885212
5 211 0.883355
5 224 0.882778
5 148 0.882573
5 33 0.878164
5 87 0.873343
5 161 0.870044
5 217 0.869713
5 43 0.868034
5 183 0.867365
6 128 0.889644
6 73 0.887995
6 40 0.887044
6 142 0.887023
6 227 0.882047
6 202 0.880449
6 252 0.880210
6 243 0.880071
6 192 0.878609
6 39 0.877477
7 36 0.874992
7 225 0.873437
7 255 0.872023
7 230 0.871056
7 178 0.869739
7 127 0.864865
7 44 0.864527
7 197 0.862721
7 164 0.862428
7 76 0.861429
8 224 0.877064
8 157 0.876920
8 15 0.875326
8 214 0.874625
8 135 0.874379
8 217 0.874035
8 165 0.871502
8 0 0.871442
8 34 0.871231
8 143 0.871147
9 251 0.885305
9 138 0.878957
9 162 0.878940
9 164 0.878760
9 252 0.878037
9 157 0.877864
9 143 0.876907
9 169 0.875940
9 120 0.875473
9 126 0.875212
10 140 0.894394
10 229 0.890541
10 72 0.884884
10 37 0.883755
10 82 0.877478
10 4 0.876571
10 212 0.876489
10 75 0.876149
10 70 0.875569
10 76 0.875383
11 196 0.896372
11 234 0.888139
11 60 0.886867
11 141 0.881988
11 91 0.881862
11 206 0.879271
11 209 0.877041
11 101 0.875984
11 222 0.869408
11 58 0.859678
12 26 0.878463
12 129 0.877781
12 170 0.876989
12 243 0.876838
12 86 0.874993
12 198 0.874771
12 247 0.874498
12 232 0.873749
12 17 0.873219
12 48 0.873064
13 24 0.901547
13 119 0.897073
13 171 0.892029
13 23 0.888873
13 75 0.884585
13 252 0.882945
13 164 0.881369
13 229 0.879014
13 117 0.877698
13 76 0.877336
14 113 0.855738
14 215 0.854693
14 217 0.850253
14 58 0.846841
14 50 0.846597
14 42 0.845957
14 0 0.845335
14 57 0.844085
14 27 0.844063
14 55 0.842630
15 139 0.901937
15 252 0.897049
15 136 0.894221
15 73 0.891215
15 243 0.890721
15 119 0.889266
15 180 0.888420
15 177 0.888331
15 86 0.886729
15 147 0.886681
16 213 0.873709
16 188 0.862738
16 47 0.859007
16 112 0.858468
16 218 0.858092
16 132 0.856554
16 179 0.855727
16 62 0.854674
16 152 0.853732
16 99 0.853612
17 86 0.885094
17 202 0.883400
17 168 0.882568
17 252 0.880953
17 243 0.880630
17 157 0.880033
17 48 0.879914
17 198 0.878682
17 136 0.876658
17 63 0.876462
18 157 0.876274
18 63 0.876269
18 143 0.874585
18 126 0.874114
18 47 0.872325
18 38 0.871294
18 138 0.870304
18 188 0.869765
18 112 0.869405
18 213 0.868874
19 252 0.874264
19 26 0.873608
19 127 0.870711
19 73 0.870360
19 75 0.869570
19 39 0.868691
19 171 0.868552
19 119 0.867104
19 71 0.867014
19 164 0.865500
20 225 0.876253
20 76 0.874889
20 67 0.870306
20 9 0.855385
20 154 0.853087
20 92 0.850044
20 251 0.849999
20 36 0.849399
20 234 0.848911
20 196 0.848774
21 74 0.865040
21 195 0.862256
21 212 0.861944
21 142 0.858843
21 53 0.854102
21 229 0.853938
21 102 0.853850
21 70 0.852866
21 252 0.852726
21 82 0.852242
22 154 0.894444
22 76 0.876336
22 67 0.875416
22 40 0.871677
22 84 0.865304
22 142 0.864358
22 134 0.864041
22 187 0.863552
22 6 0.862735
22 39 0.861982
23 119 0.898411
23 197 0.890249
23 13 0.888873
23 171 0.885505
23 252 0.881332
23 25 0.879407
23 164 0.877841
23 24 0.876824
23 76 0.876149
23 36 0.874433
24 13 0.901547
24 75 0.895835
24 171 0.893728
24 119 0.891605
24 39 0.883009
24 164 0.882700
24 216 0.882308
24 252 0.881877
24 71 0.879923
24 204 0.878085
25 119 0.882205
25 23 0.879407
25 164 0.876524
25 13 0.876517
25 44 0.871033
25 76 0.869104
25 251 0.868679
25 197 0.867004
25 24 0.866829
25 162 0.866600
26 129 0.891430
26 170 0.890262
26 252 0.882249
26 73 0.881568
26 119 0.880770
26 167 0.880666
26 136 0.879948
26 127 0.879845
26 186 0.879229
26 75 0.878592
27 146 0.890659
27 0 0.884994
27 113 0.879851
27 183 0.879166
27 33 0.878057
27 43 0.875370
27 163 0.874580
27 87 0.874400
27 211 0.873788
27 104 0.873484
28 222 0.876637
28 26 0.875931
28 234 0.875044
28 124 0.872705
28 232 0.869575
28 170 0.867710
28 226 0.865370
28 167 0.864696
28 75 0.863558
28 73 0.863246
29 102 0.881584
29 160 0.876282
29 93 0.868517
29 142 0.861158
29 40 0.860959
29 63 0.857647
29 128 0.855715
29 94 0.855029
29 22 0.854131
29 179 0.852168
30 42 0.876508
30 45 0.874874
30 100 0.874335
30 38 0.872151
30 217 0.872082
30 63 0.871223
30 33 0.869565
30 138 0.869202
30 0 0.868758
30 223 0.867891
31 127 0.868871
31 208 0.866639
31 26 0.865979
31 240 0.863290
31 200 0.862954
31 222 0.860930
31 19 0.859462
31 73 0.859426
31 66 0.858825
31 252 0.857062
32 129 0.880129
32 26 0.873897
32 119 0.870717
32 71 0.870261
32 68 0.870236
32 167 0.869857
32 13 0.869794
32 170 0.868941
32 252 0.868589
32 136 0.866200
33 0 0.901300
33 104 0.892255
33 157 0.892223
33 138 0.890320
33 100 0.888805
33 251 0.887273
33 87 0.887176
33 63 0.886802
33 224 0.886134
33 148 0.885830
34 15 0.881659
34 157 0.879461
34 139 0.878256
34 33 0.875578
34 252 0.875154
34 217 0.872126
34 17 0.871707
34 202 0.871450
34 243 0.871344
34 136 0.871295
35 100 0.868466
35 110 0.859502
35 174 0.853313
35 77 0.850980
35 222 0.849229
35 118 0.847261
35 56 0.847000
35 60 0.844342
35 38 0.843547
35 124 0.839453
36 225 0.901482
36 166 0.892906
36 255 0.892570
36 204 0.887027
36 164 0.884551
36 252 0.884089
36 197 0.883871
36 119 0.882221
36 147 0.881894
36 76 0.881402
37 70 0.899646
37 229 0.896004
37 72 0.894485
37 140 0.893133
37 10 0.883755
37 73 0.883143
37 212 0.881884
37 142 0.878723
37 82 0.876492
37 227 0.876008
38 63 0.887370
38 100 0.886865
38 157 0.885733
38 110 0.885686
38 170 0.885420
38 138 0.884546
38 33 0.884226
38 78 0.882796
38 251 0.878945
38 104 0.878631
39 252 0.896608
39 243 0.889322
39 40 0.889186
39 73 0.887883
39 86 0.885701
39 220 0.885588
39 182 0.885137
39 171 0.883786
39 164 0.883754
39 75 0.883566
40 128 0.899540
40 202 0.897644
40 142 0.890741
40 39 0.889186
40 192 0.887278
40 6 0.887044
40 84 0.885528
40 252 0.883881
40 76 0.881913
40 67 0.880845
41 158 0.856321
41 45 0.842420
41 58 0.841278
41 61 0.838034
41 191 0.835372
41 42 0.834448
41 57 0.834427
41 0 0.833663
41 217 0.833445
41 207 0.832667
42 223 0.884442
42 57 0.879074
42 196 0.879032
42 234 0.877144
42 0 0.876849
42 30 0.876508
42 91 0.874667
42 113 0.874659
42 100 0.873989
42 104 0.873171
43 104 0.885573
43 183 0.882073
43 85 0.878623
43 27 0.875370
43 161 0.875052
43 0 0.875018
43 211 0.872769
43 163 0.871088
43 77 0.869091
43 87 0.868813
44 162 0.888939
44 164 0.883386
44 251 0.881526
44 125 0.876735
44 220 0.875990
44 171 0.875103
44 252 0.874210
44 76 0.874020
44 120 0.872725
44 119 0.872393
45 191 0.891372
45 61 0.877547
45 30 0.874874
45 217 0.870902
45 210 0.869570
45 215 0.863036
45 42 0.862750
45 214 0.860894
45 63 0.860064
45 138 0.859461
46 215 0.871795
46 223 0.862749
46 214 0.862172
46 42 0.861983
46 58 0.861119
46 122 0.861082
46 127 0.859721
46 217 0.859658
46 0 0.858799
46 91 0.857662
47 213 0.887722
47 218 0.881518
47 179 0.878936
47 157 0.878041
47 63 0.877621
47 138 0.877220
47 33 0.873616
47 18 0.872325
47 62 0.872110
47 17 0.870120
48 57 0.888155
48 168 0.885689
48 86 0.883557
48 17 0.879914
48 243 0.879407
48 198 0.879382
48 88 0.878800
48 12 0.873064
48 109 0.872585
48 202 0.871079
49 86 0.883953
49 243 0.877677
49 39 0.876740
49 252 0.876272
49 15 0.875200
49 73 0.871689
49 6 0.870523
49 139 0.868146
49 136 0.868079
49 24 0.867242
50 184 0.893260
50 215 0.873057
50 217 0.869302
50 100 0.869240
50 196 0.868847
50 0 0.868496
50 33 0.868264
50 60 0.867169
50 91 0.865885
50 78 0.865823
51 250 0.868120
51 43 0.864260
51 131 0.863285
51 104 0.861103
51 183 0.858903
51 223 0.857837
51 201 0.856492
51 134 0.854278
51 231 0.853174
51 27 0.851610
52 79 0.885748
52 254 0.882145
52 136 0.867785
52 242 0.866864
52 75 0.863946
52 147 0.863024
52 227 0.862395
52 15 0.862236
52 26 0.861894
52 73 0.861555
53 74 0.869377
53 142 0.860562
53 6 0.859958
53 40 0.855536
53 21 0.854102
53 128 0.853797
53 166 0.851816
53 235 0.849479
53 102 0.848047
53 227 0.847539
54 222 0.868924
54 33 0.867328
54 252 0.866471
54 234 0.865575
54 240 0.864515
54 136 0.864175
54 220 0.862997
54 100 0.862634
54 243 0.862489
54 86 0.861936
55 223 0.861969
55 0 0.854651
55 215 0.854066
55 27 0.852628
55 104 0.851970
55 42 0.851946
55 130 0.851637
55 78 0.850347
55 30 0.849834
55 58 0.849203
56 110 0.861499
56 248 0.861232
56 28 0.859263
56 100 0.858278
56 175 0.857800
56 222 0.857746
56 232 0.855895
56 170 0.854215
56 26 0.854119
56 38 0.852907
57 48 0.888155
57 42 0.879074
57 88 0.878560
57 168 0.877505
57 198 0.872858
57 58 0.872809
57 86 0.870937
57 217 0.865533
57 12 0.865420
57 214 0.864267
58 0 0.877483
58 234 0.877458
58 88 0.877150
58 214 0.876310
58 33 0.876080
58 217 0.875714
58 138 0.875446
58 91 0.874559
58 57 0.872809
58 104 0.872670
59 129 0.881051
59 205 0.872145
59 170 0.872066
59 231 0.871559
59 26 0.870646
59 68 0.870093
59 131 0.868558
59 232 0.867990
59 12 0.867238
59 167 0.866823
60 196 0.919799
60 141 0.907164
60 91 0.904124
60 234 0.901660
60 206 0.898278
60 209 0.895975
60 101 0.892549
60 222 0.892014
60 11 0.886867
60 0 0.885612
61 45 0.877547
61 214 0.868231
61 191 0.865342
61 210 0.865050
61 91 0.864093
61 0 0.864025
61 217 0.863554
61 251 0.862595
61 63 0.861978
61 109 0.861031
62 138 0.875646
62 63 0.873911
62 47 0.872110
62 213 0.871269
62 33 0.870947
62 143 0.870651
62 251 0.870158
62 157 0.867375
62 126 0.867077
62 241 0.866956
63 157 0.892950
63 138 0.888953
63 38 0.887370
63 251 0.887316
63 33 0.886802
63 143 0.882198
63 170 0.881944
63 162 0.880689
63 252 0.878717
63 100 0.878284
64 50 0.863418
64 58 0.860369
64 104 0.859276
64 85 0.858394
64 146 0.855935
64 0 0.855087
64 100 0.854676
64 215 0.853835
64 33 0.851215
64 196 0.850900
65 138 0.868787
65 0 0.865866
65 30 0.864542
65 104 0.864233
65 63 0.862447
65 33 0.861796
65 241 0.861548
65 38 0.861292
65 100 0.861021
65 58 0.860028
66 73 0.886184
66 227 0.880725
66 37 0.875723
66 222 0.874540
66 6 0.874514
66 182 0.874349
66 75 0.873091
66 79 0.873056
66 243 0.872920
66 252 0.869399
67 76 0.898639
67 225 0.889072
67 154 0.887594
67 252 0.882387
67 157 0.881166
67 40 0.880845
67 162 0.880790
67 251 0.879137
67 119 0.877330
67 73 0.876353
68 129 0.889448
68 231 0.883647
68 239 0.880733
68 170 0.878802
68 205 0.877471
68 186 0.877165
68 26 0.875441
68 167 0.874314
68 107 0.872709
68 131 0.872215
69 251 0.884030
69 170 0.883090
69 119 0.881380
69 78 0.878881
69 129 0.878524
69 162 0.877453
69 171 0.876841
69 157 0.876636
69 26 0.876583
69 63 0.876269
70 37 0.899646
70 229 0.898859
70 212 0.893848
70 72 0.893703
70 140 0.886538
70 73 0.882339
70 195 0.882272
70 252 0.879935
70 142 0.879742
70 136 0.879681
71 119 0.883319
71 24 0.879923
71 171 0.878755
71 200 0.875856
71 13 0.875405
71 26 0.872166
71 75 0.871346
71 32 0.870261
71 219 0.870207
71 240 0.870127
72 229 0.902508
72 140 0.896129
72 37 0.894485
72 70 0.893703
72 212 0.892586
72 195 0.890591
72 82 0.888572
72 10 0.884884
72 151 0.884274
72 136 0.883182
73 252 0.902119
73 162 0.899322
73 227 0.894574
73 243 0.893955
73 75 0.892469
73 229 0.892049
73 157 0.891231
73 15 0.891215
73 120 0.891077
73 220 0.890496
74 252 0.881224
74 128 0.876959
74 102 0.875968
74 40 0.875210
74 166 0.874649
74 157 0.874089
74 136 0.872029
74 243 0.871755
74 15 0.871722
74 202 0.871506
75 24 0.895835
75 252 0.892633
75 73 0.892469
75 171 0.892347
75 119 0.891634
75 227 0.890309
75 164 0.887659
75 249 0.887027
75 229 0.885327
75 216 0.885264
76 225 0.908982
76 67 0.898639
76 154 0.890389
76 252 0.886324
76 119 0.883632
76 164 0.882485
76 39 0.882462
76 40 0.881913
76 36 0.881402
76 251 0.880836
77 183 0.878331
77 87 0.875481
77 163 0.873863
77 104 0.872893
77 60 0.870888
77 100 0.869638
77 211 0.869456
77 0 0.869418
77 43 0.869091
77 85 0.865850
78 223 0.906463
78 231 0.897030
78 38 0.882796
78 130 0.882584
78 33 0.881858
78 100 0.881638
78 129 0.881516
78 170 0.881308
78 104 0.879334
78 69 0.878882
79 254 0.890676
79 73 0.888230
79 52 0.885748
79 227 0.883675
79 136 0.883410
79 252 0.883032
79 243 0.882703
79 75 0.881258
79 147 0.880951
79 229 0.880799
80 129 0.876552
80 231 0.874159
80 170 0.872557
80 68 0.866494
80 167 0.864844
80 59 0.864401
80 154 0.863011
80 232 0.862747
80 131 0.861994
80 186 0.861594
81 170 0.852364
81 154 0.852122
81 129 0.851391
81 167 0.850268
81 239 0.849351
81 68 0.848908
81 231 0.847080
81 3 0.845906
81 131 0.844471
81 80 0.843285
82 195 0.891814
82 72 0.888572
82 140 0.885832
82 229 0.885495
82 212 0.879464
82 10 0.877478
82 37 0.876492
82 13 0.872878
82 252 0.872397
82 70 0.870685
83 229 0.877957
83 195 0.872094
83 120 0.870888
83 142 0.867610
83 251 0.867084
83 180 0.866244
83 140 0.865966
83 212 0.865780
83 136 0.865057
83 160 0.864571
84 234 0.894984
84 40 0.885528
84 196 0.880651
84 222 0.879296
84 39 0.878115
84 252 0.878043
84 124 0.875254
84 76 0.873545
84 91 0.872378
84 232 0.870176
85 104 0.882622
85 43 0.878623
85 0 0.874422
85 211 0.872128
85 183 0.872003
85 163 0.871487
85 87 0.870204
85 33 0.869901
85 146 0.869118
85 42 0.867723
86 243 0.897930
86 252 0.897365
86 202 0.897069
86 136 0.895630
86 139 0.888869
86 177 0.888326
86 168 0.887857
86 15 0.886729
86 151 0.886329
86 39 0.885701
87 0 0.893837
87 211 0.887596
87 33 0.887176
87 104 0.882196
87 183 0.881932
87 196 0.881470
87 158 0.878584
87 148 0.878573
87 163 0.877580
87 60 0.877314
88 48 0.878800
88 57 0.878560
88 214 0.878001
88 58 0.877150
88 0 0.876748
88 91 0.874418
88 246 0.868361
88 109 0.867788
88 217 0.867492
88 196 0.866666
89 132 0.863389
89 63 0.860240
89 109 0.859619
89 92 0.856990
89 157 0.856421
89 188 0.855302
89 195 0.854935
89 252 0.854676
89 120 0.854351
89 70 0.854339
90 165 0.869830
90 175 0.866057
90 248 0.864130
90 110 0.859287
90 17 0.858018
90 63 0.856919
90 143 0.855006
90 221 0.854551
90 38 0.854126
90 220 0.853421
91 196 0.906458
91 60 0.904124
91 234 0.903428
91 222 0.893382
91 206 0.893189
91 101 0.888498
91 209 0.886814
91 246 0.885285
91 141 0.884332
91 0 0.883208
92 143 0.881591
92 63 0.872577
92 157 0.869781
92 8 0.869778
92 138 0.869180
92 214 0.867403
92 88 0.866642
92 251 0.866350
92 135 0.866327
92 0 0.865480
93 102 0.878751
93 160 0.874174
93 63 0.869240
93 29 0.868517
93 151 0.865112
93 229 0.863557
93 157 0.862630
93 136 0.862416
93 180 0.862203
93 218 0.861121
94 181 0.899714
94 245 0.899333
94 120 0.879239
94 138 0.878288
94 241 0.876813
94 169 0.873322
94 63 0.872791
94 251 0.872370
94 109 0.871426
94 126 0.870516
95 186 0.852220
95 28 0.850223
95 239 0.847867
95 97 0.847567
95 170 0.846343
95 26 0.846120
95 167 0.845740
95 205 0.842979
95 187 0.842927
95 124 0.842886
96 104 0.871027
96 27 0.870490
96 38 0.869824
96 100 0.867694
96 33 0.866973
96 183 0.864759
96 43 0.864589
96 30 0.862177
96 110 0.861631
96 199 0.861433
97 186 0.880496
97 167 0.879607
97 170 0.879210
97 26 0.874083
97 129 0.871935
97 239 0.871930
97 205 0.871516
97 68 0.867966
97 145 0.866632
97 171 0.866250
98 63 0.862433
98 18 0.862216
98 38 0.862209
98 138 0.861828
98 143 0.858781
98 157 0.858519
98 62 0.858476
98 33 0.858471
98 110 0.858293
98 251 0.857440
99 111 0.878407
99 241 0.874561
99 138 0.874139
99 135 0.871691
99 168 0.866073
99 112 0.865047
99 233 0.861444
99 245 0.860705
99 221 0.859415
99 94 0.855342
100 33 0.888805
100 38 0.886865
100 110 0.886427
100 104 0.884985
100 60 0.884069
100 0 0.883076
100 91 0.882336
100 78 0.881638
100 234 0.881174
100 138 0.879791
101 196 0.893532
101 60 0.892549
101 234 0.891085
101 141 0.889201
101 91 0.888498
101 222 0.888222
101 226 0.880597
101 206 0.878803
101 11 0.875984
101 209 0.875605
102 29 0.881584
102 93 0.878751
102 160 0.876864
102 74 0.875968
102 128 0.875392
102 252 0.875079
102 63 0.872545
102 157 0.871699
102 251 0.870991
102 142 0.870445
103 188 0.864189
103 194 0.854522
103 152 0.849598
103 18 0.847535
103 98 0.846048
103 112 0.845390
103 33 0.844457
103 34 0.844150
103 157 0.842396
103 99 0.842204
104 33 0.892255
104 0 0.890021
104 43 0.885573
104 100 0.884985
104 85 0.882622
104 87 0.882196
104 183 0.881983
104 211 0.879866
104 78 0.879334
104 138 0.879091
105 138 0.874455
105 126 0.871825
105 135 0.867387
105 143 0.867196
105 241 0.865756
105 63 0.864007
105 169 0.862506
105 221 0.862061
105 245 0.861740
105 18 0.861239
106 222 0.893803
106 234 0.891609
106 226 0.883170
106 136 0.880140
106 229 0.879543
106 177 0.878617
106 180 0.877797
106 164 0.877521
106 120 0.875667
106 73 0.875353
107 170 0.875369
107 129 0.874243
107 167 0.873270
107 68 0.872709
107 239 0.870855
107 205 0.868784
107 26 0.868322
107 231 0.866004
107 186 0.864998
107 131 0.862818
108 213 0.866459
108 199 0.858598
108 38 0.858571
108 96 0.858325
108 104 0.857344
108 218 0.856022
108 47 0.855963
108 18 0.855411
108 63 0.855333
108 33 0.854930
109 120 0.885982
109 169 0.877638
109 251 0.876705
109 159 0.875665
109 220 0.874674
109 63 0.872632
109 48 0.872585
109 58 0.871987
109 94 0.871426
109 245 0.870548
110 100 0.886427
110 38 0.885686
110 174 0.882931
110 63 0.876907
110 138 0.876202
110 33 0.875787
110 157 0.872754
110 104 0.872694
110 175 0.871004
110 0 0.869264
111 138 0.883116
111 99 0.878407
111 135 0.877190
111 241 0.874357
111 168 0.869388
111 245 0.864721
111 143 0.864620
111 63 0.861866
111 233 0.860677
111 238 0.860229
112 189 0.881424
112 172 0.877132
112 237 0.874677
112 63 0.874004
112 18 0.869405
112 188 0.867730
112 40 0.865333
112 138 0.865310
112 99 0.865047
112 149 0.863823
113 27 0.879851
113 42 0.874659
113 215 0.870691
113 33 0.869464
113 0 0.869376
113 217 0.868642
113 183 0.868133
113 85 0.866475
113 104 0.865713
113 146 0.865197
114 252 0.875663
114 73 0.872806
114 75 0.871551
114 151 0.871264
114 136 0.867880
114 171 0.867567
114 15 0.867488
114 119 0.867463
114 229 0.867020
114 86 0.866429
115 100 0.872527
115 87 0.862923
115 196 0.860431
115 118 0.860155
115 77 0.859091
115 60 0.858403
115 0 0.857649
115 199 0.857352
115 104 0.855358
115 183 0.853755
116 119 0.878154
116 252 0.875557
116 164 0.872403
116 162 0.871882
116 23 0.871445
116 76 0.869945
116 36 0.869886
116 253 0.868709
116 171 0.867613
116 197 0.867060
117 220 0.888111
117 180 0.887781
117 164 0.886314
117 171 0.882739
117 159 0.882586
117 119 0.882156
117 120 0.882114
117 251 0.881140
117 252 0.880254
117 13 0.877698
118 100 0.873246
118 115 0.860155
118 33 0.857863
118 54 0.856642
118 0 0.854073
118 104 0.853935
118 77 0.853912
118 234 0.851655
118 60 0.851425
118 199 0.850127
119 252 0.901418
119 171 0.899843
119 23 0.898411
119 164 0.898044
119 13 0.897073
119 157 0.893380
119 162 0.892933
119 75 0.891634
119 24 0.891605
119 251 0.890857
120 159 0.911201
120 220 0.909849
120 4 0.905189
120 169 0.898932
120 171 0.896572
120 164 0.896123
120 251 0.892509
120 252 0.891898
120 73 0.891077
120 182 0.890574
121 234 0.855066
121 69 0.850686
121 127 0.849758
121 208 0.849534
121 222 0.849254
121 58 0.848716
121 251 0.847409
121 219 0.847044
121 196 0.844779
121 200 0.844527
122 127 0.877166
122 240 0.872480
122 215 0.871259
122 69 0.870052
122 71 0.868277
122 26 0.866647
122 58 0.865019
122 234 0.863876
122 200 0.863864
122 223 0.863622
123 0 0.862324
123 88 0.861411
123 109 0.859415
123 138 0.858590
123 120 0.857647
123 63 0.857605
123 241 0.857161
123 92 0.856655
123 214 0.854903
123 58 0.854324
124 234 0.902185
124 222 0.895837
124 196 0.883951
124 226 0.882162
124 84 0.875254
124 106 0.873352
124 28 0.872705
124 60 0.871618
124 101 0.868879
124 91 0.868410
125 44 0.876735
125 129 0.869169
125 119 0.868458
125 170 0.866737
125 251 0.865629
125 23 0.864676
125 162 0.864434
125 171 0.863141
125 252 0.862547
125 234 0.862524
126 169 0.899683
126 251 0.888094
126 143 0.887694
126 138 0.887047
126 157 0.885620
126 220 0.882048
126 4 0.880632
126 120 0.880575
126 245 0.878202
126 252 0.877787
127 200 0.880354
127 26 0.879845
127 122 0.877166
127 240 0.876987
127 208 0.876477
127 234 0.876404
127 252 0.875952
127 251 0.875120
127 69 0.874729
127 73 0.873841
128 40 0.899540
128 142 0.892165
128 6 0.889644
128 202 0.888856
128 192 0.887654
128 157 0.883721
128 73 0.883245
128 252 0.881997
128 251 0.878629
128 63 0.878166
129 170 0.896881
129 26 0.891430
129 231 0.890007
129 68 0.889448
129 119 0.884600
129 157 0.881943
129 78 0.881516
129 59 0.881051
129 32 0.880129
129 252 0.880015
130 223 0.883615
130 78 0.882584
130 69 0.874318
130 231 0.872102
130 127 0.871771
130 201 0.869884
130 129 0.869355
130 200 0.868082
130 215 0.865524
130 219 0.863867
131 129 0.878542
131 170 0.875777
131 231 0.874872
131 68 0.872215
131 59 0.868558
131 167 0.867863
131 205 0.866547
131 12 0.866045
131 201 0.865945
131 26 0.863552
132 229 0.876526
132 252 0.875301
132 151 0.875127
132 70 0.872555
132 136 0.871252
132 147 0.871041
132 119 0.868873
132 253 0.868380
132 15 0.868236
132 180 0.867829
133 170 0.869473
133 129 0.865977
133 135 0.865500
133 3 0.863084
133 138 0.862953
133 59 0.862437
133 12 0.862392
133 131 0.862052
133 167 0.861360
133 221 0.860090
134 154 0.872524
134 22 0.864041
134 67 0.862043
134 76 0.857216
134 51 0.854278
134 40 0.851838
134 63 0.851344
134 38 0.850847
134 201 0.849449
134 170 0.849056
135 138 0.893890
135 241 0.885876
135 143 0.883677
135 168 0.881770
135 245 0.879985
135 111 0.877190
135 233 0.876249
135 126 0.875120
135 221 0.874918
135 8 0.874379
136 177 0.914474
136 151 0.906292
136 147 0.895856
136 86 0.895630
136 252 0.895236
136 15 0.894221
136 229 0.893780
136 243 0.889073
136 119 0.888465
136 157 0.887550
137 164 0.882589
137 39 0.881164
137 75 0.878375
137 73 0.877501
137 24 0.876598
137 220 0.876361
137 252 0.875438
137 182 0.874127
137 162 0.873373
137 106 0.873145
138 241 0.894217
138 135 0.893890
138 143 0.892210
138 157 0.890340
138 33 0.890320
138 168 0.889163
138 63 0.888953
138 245 0.887303
138 251 0.887080
138 126 0.887047
139 15 0.901937
139 180 0.900459
139 252 0.894984
139 243 0.891236
139 86 0.888869
139 136 0.886885
139 73 0.886395
139 177 0.883622
139 164 0.881791
139 119 0.881627
140 229 0.902257
140 212 0.898049
140 72 0.896129
140 10 0.894394
140 37 0.893133
140 70 0.886538
140 82 0.885832
140 75 0.881208
140 24 0.877397
140 73 0.876979
141 196 0.907466
141 60 0.907164
141 101 0.889202
141 91 0.884332
141 206 0.883451
141 11 0.881988
141 234 0.877951
141 209 0.877365
141 222 0.875514
141 226 0.869341
142 153 0.907822
142 128 0.892165
142 40 0.890741
142 229 0.888131
142 6 0.887023
142 192 0.884956
142 73 0.881831
142 70 0.879742
142 37 0.878723
142 160 0.878304
143 138 0.892210
143 126 0.887694
143 157 0.886162
143 251 0.886055
143 135 0.883677
143 162 0.883294
143 63 0.882198
143 92 0.881591
143 169 0.880243
143 241 0.880165
144 38 0.864763
144 22 0.858441
144 40 0.856360
144 174 0.856054
144 33 0.855807
144 63 0.855655
144 87 0.854989
144 78 0.854900
144 42 0.853829
144 110 0.853744
145 170 0.876175
145 167 0.874139
145 231 0.868773
145 97 0.866632
145 239 0.865924
145 186 0.864409
145 68 0.863418
145 232 0.862793
145 26 0.861942
145 129 0.861381
146 27 0.890659
146 0 0.879765
146 33 0.877996
146 163 0.873387
146 158 0.870605
146 104 0.870507
146 215 0.869291
146 85 0.869118
146 211 0.868664
146 87 0.867072
147 136 0.895856
147 252 0.888339
147 119 0.888308
147 177 0.888014
147 15 0.886681
147 157 0.885751
147 164 0.885316
147 229 0.884589
147 151 0.883082
147 36 0.881894
148 0 0.891792
148 224 0.890573
148 33 0.885830
148 211 0.884579
148 5 0.882573
148 87 0.878573
148 217 0.875059
148 163 0.873520
148 27 0.872830
148 214 0.870869
149 189 0.882179
149 237 0.880381
149 112 0.863823
149 221 0.851845
149 172 0.836456
149 170 0.835030
149 97 0.834900
149 40 0.834273
149 154 0.833627
149 205 0.833572
150 162 0.879952
150 252 0.879138
150 36 0.877588
150 73 0.875759
150 164 0.875590
150 75 0.875103
150 166 0.873377
150 76 0.872745
150 67 0.871224
150 119 0.870681
151 228 0.942535
151 177 0.909883
151 136 0.906292
151 229 0.890043
151 180 0.889284
151 86 0.886328
151 15 0.885284
151 252 0.884619
151 72 0.884274
151 147 0.883082
152 179 0.871474
152 213 0.863316
152 138 0.860271
152 188 0.859801
152 33 0.857741
152 63 0.857329
152 112 0.856683
152 47 0.856678
152 62 0.854988
152 135 0.853901
153 142 0.907822
153 229 0.880876
153 40 0.878636
153 6 0.874800
153 37 0.873423
153 128 0.872517
153 160 0.871953
153 72 0.871743
153 70 0.871256
153 195 0.870649
154 22 0.894444
154 76 0.890389
154 67 0.887594
154 170 0.875465
154 40 0.875178
154 167 0.872666
154 134 0.872524
154 119 0.872462
154 252 0.871226
154 13 0.870341
155 100 0.865170
155 30 0.860288
155 110 0.857580
155 0 0.857368
155 104 0.856542
155 45 0.855061
155 33 0.854351
155 42 0.853689
155 5 0.853509
155 38 0.853270
156 0 0.867724
156 69 0.863883
156 58 0.861581
156 91 0.861323
156 42 0.860479
156 214 0.858954
156 251 0.858802
156 33 0.858668
156 211 0.858409
156 234 0.857485
157 252 0.899185
157 162 0.897612
157 251 0.894903
157 119 0.893380
157 63 0.892950
157 33 0.892223
157 73 0.891231
157 138 0.890340
157 220 0.887915
157 136 0.887550
158 0 0.883117
158 33 0.880505
158 87 0.878584
158 211 0.874224
158 161 0.873706
158 146 0.870605
158 163 0.869753
158 27 0.869129
158 104 0.868041
158 58 0.866164
159 120 0.911201
159 220 0.907056
159 4 0.898389
159 164 0.892585
159 169 0.891786
159 171 0.887280
159 251 0.887277
159 162 0.886802
159 252 0.886789
159 73 0.885588
160 142 0.878304
160 102 0.876864
160 29 0.876282
160 195 0.875939
160 229 0.875208
160 93 0.874174
160 153 0.871953
160 70 0.871830
160 212 0.868485
160 72 0.866189
161 0 0.880664
161 87 0.876506
161 104 0.875467
161 43 0.875052
161 211 0.874699
161 33 0.873802
161 158 0.873706
161 183 0.871893
161 5 0.870044
161 163 0.867596
162 73 0.899322
162 252 0.898047
162 157 0.897612
162 251 0.897496
162 164 0.896234
162 119 0.892933
162 220 0.892180
162 44 0.888939
162 120 0.888149
162 159 0.886802
163 0 0.885822
163 211 0.879774
163 33 0.878826
163 87 0.877580
163 104 0.876587
163 27 0.874579
163 183 0.874341
163 77 0.873863
163 148 0.873520
163 146 0.873387
164 119 0.898044
164 252 0.896305
164 162 0.896234
164 120 0.896123
164 220 0.895109
164 171 0.893678
164 251 0.892585
164 159 0.892585
164 182 0.888724
164 75 0.887659
165 157 0.873202
165 8 0.871502
165 214 0.871423
165 17 0.870906
165 63 0.869996
165 90 0.869830
165 15 0.869431
165 248 0.869368
165 174 0.869202
165 38 0.869201
166 252 0.895036
166 36 0.892907
166 243 0.882758
166 225 0.882508
166 39 0.880601
166 73 0.880405
166 182 0.879583
166 15 0.878259
166 227 0.877008
166 204 0.875599
167 170 0.888392
167 26 0.880666
167 129 0.879913
167 239 0.879763
167 97 0.879607
167 186 0.876575
167 68 0.874314
167 145 0.874139
167 107 0.873270
167 232 0.873232
168 138 0.889163
168 86 0.887857
168 48 0.885689
168 241 0.885024
168 17 0.882568
168 135 0.881769
168 202 0.880140
168 245 0.879459
168 57 0.877505
168 143 0.876384
169 4 0.904508
169 126 0.899683
169 120 0.898932
169 220 0.893871
169 159 0.891786
169 251 0.891699
169 171 0.882356
169 138 0.882327
169 164 0.882229
169 143 0.880243
170 129 0.896881
170 26 0.890262
170 167 0.888392
170 231 0.887617
170 157 0.886512
170 38 0.885420
170 119 0.884327
170 251 0.883582
170 232 0.883344
170 69 0.883090
171 220 0.904450
171 119 0.899843
171 252 0.896790
171 120 0.896572
171 24 0.893728
171 164 0.893678
171 75 0.892347
171 13 0.892029
171 73 0.888171
171 251 0.888046
172 112 0.877132
172 17 0.870204
172 243 0.869319
172 198 0.869134
172 40 0.869108
172 168 0.868459
172 189 0.867108
172 202 0.866294
172 48 0.866070
172 86 0.865433
173 138 0.857332
173 33 0.854948
173 62 0.853410
173 126 0.853166
173 241 0.852665
173 63 0.852273
173 18 0.851442
173 213 0.851327
173 143 0.851035
173 152 0.850098
174 110 0.882931
174 38 0.877991
174 100 0.869637
174 165 0.869202
174 175 0.865144
174 248 0.864419
174 63 0.862570
174 3 0.862442
174 129 0.857649
174 33 0.857272
175 248 0.879207
175 110 0.871004
175 38 0.870928
175 90 0.866057
175 174 0.865144
175 3 0.863739
175 165 0.861266
175 56 0.857800
175 63 0.855129
175 96 0.855084
176 157 0.859720
176 33 0.858595
176 170 0.858263
176 100 0.858259
176 45 0.858018
176 217 0.857268
176 63 0.857076
176 129 0.856407
176 34 0.856278
176 240 0.855647
177 136 0.914474
177 151 0.909883
177 15 0.888331
177 86 0.888326
177 147 0.888014
177 252 0.884892
177 228 0.884568
177 139 0.883622
177 180 0.882813
177 253 0.882800
178 36 0.881316
178 255 0.879976
178 164 0.878699
178 162 0.876420
178 75 0.873158
178 197 0.871300
178 204 0.870686
178 249 0.870264
178 120 0.869975
178 44 0.869750
179 47 0.878936
179 152 0.871474
179 213 0.871150
179 218 0.870558
179 138 0.868569
179 33 0.863651
179 63 0.863393
179 102 0.862845
179 157 0.862583
179 188 0.860327
180 139 0.900459
180 151 0.889284
180 243 0.888780
180 15 0.888420
180 117 0.887781
180 252 0.887343
180 229 0.886016
180 136 0.885486
180 73 0.883985
180 177 0.882813
181 94 0.899714
181 245 0.891155
181 138 0.879820
181 241 0.876029
181 120 0.872370
181 168 0.871857
181 169 0.871738
181 135 0.868738
181 233 0.867819
181 126 0.865878
182 120 0.890574
182 73 0.889902
182 252 0.888903
182 164 0.888724
182 243 0.886391
182 39 0.885137
182 220 0.884844
182 159 0.884545
182 251 0.884332
182 4 0.884242
183 0 0.882620
183 43 0.882073
183 104 0.881983
183 87 0.881932
183 27 0.879166
183 77 0.878331
183 211 0.877724
183 196 0.875631
183 163 0.874341
183 33 0.874124
184 50 0.893260
184 91 0.873968
184 196 0.873120
184 217 0.867869
184 214 0.866779
184 60 0.866241
184 234 0.865916
184 0 0.865898
184 206 0.861125
184 33 0.859174
185 142 0.868474
185 128 0.859694
185 38 0.858041
185 63 0.856867
185 202 0.855906
185 104 0.855042
185 40 0.854799
185 153 0.854254
185 157 0.853279
185 192 0.853158
186 97 0.880496
186 26 0.879229
186 129 0.877918
186 205 0.877614
186 68 0.877165
186 239 0.876706
186 167 0.876575
186 231 0.874084
186 170 0.873300
186 59 0.865435
187 26 0.868153
187 170 0.864717
187 208 0.864454
187 73 0.864261
187 251 0.863828
187 22 0.863552
187 167 0.863221
187 127 0.863206
187 227 0.863204
187 66 0.862585
188 157 0.876157
188 63 0.874375
188 213 0.872648
188 18 0.869765
188 252 0.869687
188 138 0.868964
188 126 0.868440
188 112 0.867730
188 47 0.867563
188 33 0.867125
189 149 0.882179
189 112 0.881424
189 237 0.872664
189 172 0.867108
189 40 0.852687
189 194 0.849901
189 18 0.847568
189 63 0.844672
189 221 0.838421
189 17 0.838031
190 199 0.882007
190 0 0.867611
190 100 0.864161
190 163 0.863824
190 87 0.862273
190 33 0.862015
190 193 0.860447
190 211 0.860322
190 77 0.859552
190 27 0.859433
191 45 0.891372
191 210 0.877812
191 61 0.865342
191 217 0.862438
191 30 0.860811
191 215 0.854994
191 214 0.852152
191 155 0.847109
191 42 0.845963
191 5 0.845783
192 128 0.887654
192 40 0.887278
192 142 0.884956
192 6 0.878609
192 202 0.869986
192 153 0.867506
192 73 0.855650
192 38 0.854984
192 110 0.853361
192 185 0.853158
193 199 0.890987
193 100 0.863432
193 0 0.861495
193 104 0.860810
193 190 0.860447
193 33 0.859090
193 211 0.858045
193 163 0.856026
193 138 0.853102
193 87 0.853093
194 18 0.858464
194 112 0.858342
194 47 0.855941
194 103 0.854522
194 213 0.852932
194 98 0.851451
194 188 0.850732
194 189 0.849901
194 152 0.847599
194 108 0.847453
195 82 0.891814
195 72 0.890591
195 229 0.885918
195 212 0.885800
195 70 0.882272
195 160 0.875939
195 142 0.875196
195 252 0.874689
195 37 0.874419
195 136 0.873622
196 60 0.919799
196 234 0.915423
196 141 0.907466
196 91 0.906458
196 206 0.903754
196 11 0.896372
196 101 0.893532
196 222 0.890675
196 209 0.887355
196 124 0.883951
197 23 0.890249
197 119 0.885397
197 36 0.883871
197 252 0.883774
197 164 0.882485
197 15 0.881872
197 75 0.880341
197 204 0.878572
197 171 0.877479
197 76 0.876227
198 243 0.889640
198 202 0.886883
198 247 0.882650
198 48 0.879382
198 40 0.879259
198 17 0.878682
198 128 0.876197
198 12 0.874770
198 86 0.874055
198 57 0.872858
199 193 0.890987
199 190 0.882007
199 100 0.878849
199 33 0.874646
199 104 0.873190
199 38 0.867186
199 0 0.867091
199 248 0.864892
199 157 0.863082
199 27 0.862971
200 127 0.880354
200 71 0.875856
200 26 0.871357
200 129 0.870407
200 219 0.868535
200 130 0.868082
200 69 0.866903
200 240 0.864924
200 208 0.864548
200 170 0.864339
201 69 0.875188
201 130 0.869884
201 231 0.869742
201 170 0.868799
201 129 0.868713
201 223 0.867557
201 131 0.865945
201 78 0.865276
201 230 0.863643
201 68 0.862872
202 40 0.897644
202 86 0.897069
202 128 0.888856
202 198 0.886883
202 17 0.883400
202 243 0.880791
202 252 0.880521
202 6 0.880449
202 136 0.880284
202 168 0.880140
203 241 0.872822
203 138 0.872762
203 135 0.865674
203 233 0.864942
203 238 0.864674
203 221 0.864392
203 168 0.861366
203 245 0.861213
203 110 0.859521
203 143 0.859195
204 36 0.887027
204 255 0.885872
204 119 0.882774
204 225 0.882708
204 164 0.879101
204 197 0.878572
204 24 0.878085
204 13 0.876775
204 75 0.876704
204 252 0.876216
205 129 0.877856
205 186 0.877614
205 68 0.877471
205 170 0.876272
205 231 0.875110
205 59 0.872145
205 26 0.872090
205 97 0.871516
205 167 0.869906
205 107 0.868784
206 196 0.903754
206 60 0.898278
206 91 0.893189
206 234 0.892661
206 141 0.883451
206 222 0.881674
206 11 0.879271
206 101 0.878803
206 209 0.874725
206 246 0.869018
207 243 0.874096
207 86 0.872841
207 252 0.869315
207 136 0.865766
207 73 0.864164
207 202 0.863049
207 15 0.861534
207 227 0.861268
207 180 0.860449
207 70 0.860412
208 127 0.876477
208 26 0.869919
208 31 0.866639
208 200 0.864548
208 187 0.864454
208 69 0.862040
208 219 0.861875
208 130 0.861638
208 205 0.861418
208 19 0.860316
209 60 0.895974
209 196 0.887355
209 234 0.886957
209 91 0.886814
209 141 0.877365
209 222 0.877073
209 11 0.877041
209 101 0.875605
209 206 0.874725
209 100 0.865278
210 191 0.877812
210 45 0.869570
210 61 0.865051
210 217 0.864602
210 214 0.861883
210 0 0.859360
210 5 0.858659
210 215 0.856868
210 33 0.853011
210 138 0.852467
211 0 0.896750
211 87 0.887596
211 148 0.884579
211 33 0.883939
211 5 0.883355
211 104 0.879866
211 163 0.879774
211 183 0.877724
211 224 0.876926
211 60 0.875179
212 140 0.898049
212 70 0.893848
212 72 0.892586
212 229 0.892497
212 195 0.885800
212 37 0.881884
212 82 0.879464
212 10 0.876489
212 142 0.874048
212 252 0.871715
213 47 0.887722
213 218 0.887529
213 63 0.875523
213 16 0.873709
213 188 0.872648
213 138 0.871737
213 62 0.871269
213 179 0.871150
213 18 0.868874
213 33 0.868808
214 217 0.891097
214 0 0.884871
214 33 0.878534
214 88 0.878001
214 58 0.876310
214 224 0.875837
214 8 0.874625
214 91 0.873789
214 139 0.873261
214 165 0.871423
215 223 0.876195
215 50 0.873057
215 46 0.871795
215 217 0.871699
215 42 0.871260
215 122 0.871259
215 214 0.870793
215 113 0.870691
215 78 0.869575
215 0 0.869459
216 249 0.885278
216 75 0.885264
216 24 0.882308
216 227 0.876212
216 171 0.873070
216 73 0.870850
216 252 0.870633
216 6 0.868763
216 13 0.868349
216 197 0.867645
217 214 0.891097
217 33 0.884359
217 0 0.883933
217 224 0.879045
217 58 0.875714
217 157 0.875279
217 148 0.875059
217 138 0.874624
217 8 0.874035
217 139 0.873397
218 213 0.887530
218 47 0.881518
218 179 0.870558
218 63 0.864150
218 62 0.864078
218 93 0.861121
218 138 0.859945
218 160 0.859467
218 102 0.859429
218 18 0.858682
219 119 0.877205
219 164 0.874793
219 127 0.872646
219 251 0.871835
219 69 0.870638
219 71 0.870207
219 252 0.869716
219 200 0.868535
219 171 0.868394
219 234 0.868281
220 120 0.909849
220 159 0.907056
220 171 0.904450
220 4 0.898653
220 251 0.896274
220 164 0.895109
220 252 0.894681
220 169 0.893871
220 162 0.892180
220 73 0.890496
221 138 0.884231
221 241 0.877020
221 135 0.874918
221 233 0.873176
221 143 0.872125
221 245 0.869455
221 67 0.868464
221 38 0.867247
221 157 0.866630
221 63 0.866218
222 234 0.909782
222 226 0.897385
222 124 0.895837
222 106 0.893803
222 91 0.893382
222 60 0.892013
222 196 0.890675
222 101 0.888222
222 73 0.885216
222 206 0.881674
223 78 0.906463
223 42 0.884442
223 130 0.883615
223 231 0.882539
223 215 0.876195
223 100 0.873675
223 104 0.873656
223 69 0.872664
223 0 0.871265
223 33 0.869443
224 148 0.890573
224 0 0.889499
224 33 0.886134
224 5 0.882778
224 217 0.879045
224 8 0.877064
224 211 0.876926
224 87 0.876153
224 214 0.875837
224 104 0.869206
225 76 0.908982
225 36 0.901482
225 255 0.891317
225 67 0.889072
225 204 0.882708
225 166 0.882508
225 20 0.876253
225 7 0.873437
225 197 0.873324
225 252 0.870647
226 222 0.897385
226 234 0.884210
226 106 0.883170
226 124 0.882162
226 101 0.880597
226 196 0.869377
226 141 0.869341
226 60 0.869275
226 229 0.869223
226 91 0.868661
227 73 0.894574
227 75 0.890309
227 252 0.889471
227 243 0.885879
227 79 0.883675
227 120 0.883523
227 15 0.883457
227 229 0.883283
227 6 0.882047
227 136 0.881870
228 151 0.942535
228 177 0.884568
228 136 0.875830
228 94 0.861909
228 229 0.857518
228 180 0.855648
228 93 0.855147
228 63 0.855093
228 147 0.854970
228 72 0.853683
229 72 0.902508
229 140 0.902257
229 70 0.898859
229 37 0.896004
229 136 0.893780
229 212 0.892497
229 73 0.892049
229 252 0.891178
229 10 0.890541
229 151 0.890043
230 251 0.876104
230 69 0.874460
230 164 0.873870
230 171 0.873719
230 13 0.872012
230 220 0.871212
230 7 0.871056
230 44 0.870173
230 76 0.870118
230 169 0.869092
231 78 0.897030
231 129 0.890007
231 170 0.887617
231 68 0.883647
231 223 0.882539
231 205 0.875110
231 131 0.874872
231 80 0.874159
231 186 0.874084
231 69 0.872775
232 170 0.883344
232 234 0.881029
232 129 0.876849
232 12 0.873749
232 167 0.873232
232 26 0.872591
232 84 0.870176
232 231 0.869994
232 28 0.869575
232 59 0.867990
233 138 0.883882
233 241 0.880679
233 135 0.876249
233 221 0.873176
233 168 0.869236
233 181 0.867819
233 245 0.866237
233 203 0.864942
233 143 0.864318
233 94 0.863506
234 196 0.915423
234 222 0.909783
234 91 0.903428
234 124 0.902185
234 60 0.901660
234 84 0.894984
234 206 0.892661
234 106 0.891609
234 101 0.891085
234 11 0.888139
235 74 0.869966
235 102 0.861725
235 23 0.859214
235 252 0.853363
235 197 0.852535
235 166 0.851470
235 53 0.849479
235 21 0.848118
235 223 0.847057
235 78 0.846457
236 136 0.874551
236 139 0.868825
236 86 0.868458
236 147 0.867871
236 15 0.866352
236 177 0.865919
236 252 0.864632
236 180 0.863418
236 243 0.863113
236 36 0.861762
237 149 0.880381
237 112 0.874677
237 189 0.872664
237 172 0.855147
237 63 0.847446
237 18 0.846285
237 40 0.845608
237 170 0.845035
237 67 0.843402
237 231 0.842541
238 241 0.880907
238 245 0.872435
238 138 0.871450
238 94 0.869946
238 135 0.867158
238 181 0.865122
238 203 0.864674
238 126 0.863465
238 168 0.863399
238 9 0.862727
239 68 0.880733
239 167 0.879763
239 129 0.877431
239 186 0.876706
239 170 0.874000
239 26 0.872411
239 97 0.871930
239 107 0.870855
239 145 0.865924
239 32 0.865291
240 252 0.885341
240 73 0.880724
240 75 0.879323
240 119 0.878834
240 136 0.877979
240 222 0.877703
240 26 0.877328
240 127 0.876987
240 227 0.875634
240 157 0.875549
241 138 0.894217
241 135 0.885876
241 168 0.885024
241 245 0.882515
241 238 0.880907
241 233 0.880679
241 143 0.880165
241 221 0.877020
241 94 0.876813
241 181 0.876029
242 254 0.870038
242 52 0.866864
242 79 0.855666
242 126 0.847149
242 143 0.844077
242 175 0.842312
242 98 0.841228
242 8 0.840916
242 142 0.839946
242 3 0.839698
243 247 0.899452
243 252 0.898386
243 86 0.897930
243 73 0.893955
243 139 0.891236
243 15 0.890721
243 198 0.889640
243 39 0.889322
243 136 0.889073
243 180 0.888780
244 196 0.857913
244 91 0.855622
244 234 0.852174
244 246 0.851244
244 206 0.850205
244 42 0.848423
244 223 0.848366
244 60 0.845930
244 11 0.844976
244 222 0.844870
245 94 0.899333
245 181 0.891155
245 138 0.887303
245 241 0.882515
245 135 0.879985
245 143 0.879528
245 168 0.879459
245 169 0.878844
245 120 0.878579
245 126 0.878202
246 91 0.885285
246 234 0.882141
246 196 0.880901
246 0 0.879270
246 60 0.878509
246 100 0.872972
246 222 0.872302
246 42 0.870933
246 33 0.870559
246 214 0.869895
247 243 0.899452
247 252 0.890608
247 198 0.882650
247 86 0.882548
247 75 0.882222
247 164 0.879971
247 15 0.879773
247 39 0.878933
247 119 0.878773
247 73 0.878626
248 175 0.879207
248 38 0.869642
248 165 0.869368
248 199 0.864892
248 110 0.864673
248 174 0.864419
248 90 0.864129
248 56 0.861232
248 17 0.858866
248 33 0.858354
249 75 0.887027
249 216 0.885278
249 73 0.880566
249 227 0.879216
249 252 0.876237
249 162 0.875860
249 24 0.874548
249 247 0.873079
249 164 0.872559
249 137 0.871738
250 51 0.868120
250 170 0.863653
250 104 0.863568
250 43 0.861481
250 38 0.861399
250 183 0.861148
250 131 0.859658
250 167 0.858006
250 129 0.857055
250 100 0.856283
251 162 0.897496
251 220 0.896274
251 157 0.894903
251 252 0.893937
251 164 0.892585
251 120 0.892509
251 169 0.891699
251 119 0.890857
251 126 0.888094
251 171 0.888046
252 73 0.902119
252 119 0.901418
252 157 0.899185
252 243 0.898386
252 162 0.898047
252 86 0.897365
252 15 0.897049
252 171 0.896790
252 39 0.896608
252 164 0.896305
253 252 0.886921
253 119 0.884173
253 177 0.882799
253 136 0.882778
253 164 0.882195
253 147 0.880893
253 229 0.880889
253 15 0.880577
253 76 0.879721
253 120 0.878259
254 79 0.890676
254 52 0.882145
254 227 0.874303
254 136 0.873841
254 15 0.873675
254 73 0.871988
254 243 0.870175
254 242 0.870038
254 252 0.869353
254 142 0.868932
255 36 0.892570
255 225 0.891317
255 204 0.885872
255 178 0.879976
255 197 0.873053
255 7 0.872023
255 164 0.870258
255 44 0.869888
255 162 0.866185
255 150 0.865608
