0 104 0.855006
0 213 0.854304
0 48 0.853430
0 203 0.852815
0 67 0.852030
0 123 0.851986
0 142 0.851912
0 136 0.851791
0 217 0.851751
0 60 0.851530
1 213 0.849624
1 104 0.848474
1 60 0.846431
1 146 0.845585
1 217 0.845036
1 136 0.844514
1 14 0.844096
1 32 0.843917
1 76 0.843889
1 241 0.843826
2 213 0.854725
2 104 0.852000
2 97 0.851709
2 241 0.851703
2 67 0.851684
2 254 0.851571
2 62 0.850893
2 203 0.850389
2 60 0.850309
2 217 0.850262
3 213 0.857747
3 60 0.855758
3 203 0.854773
3 104 0.854379
3 217 0.853554
3 241 0.853251
3 61 0.853211
3 14 0.853119
3 97 0.852907
3 136 0.852893
4 213 0.853686
4 136 0.851675
4 104 0.849755
4 97 0.849682
4 48 0.848908
4 254 0.848259
4 93 0.848118
4 60 0.848044
4 191 0.847764
4 217 0.847386
5 213 0.856483
5 104 0.856179
5 241 0.855407
5 60 0.855118
5 14 0.854536
5 203 0.854247
5 123 0.853468
5 76 0.852571
5 217 0.852487
5 70 0.851767
6 213 0.860941
6 136 0.860232
6 60 0.859691
6 104 0.858551
6 203 0.858389
6 217 0.858134
6 70 0.857997
6 247 0.857992
6 48 0.857821
6 67 0.857623
7 97 0.841260
7 213 0.840883
7 104 0.839419
7 62 0.839161
7 157 0.838853
7 67 0.838831
7 160 0.838732
7 61 0.838641
7 241 0.838491
7 92 0.838454
8 247 0.838717
8 166 0.838551
8 67 0.838461
8 123 0.838224
8 213 0.837804
8 180 0.837657
8 146 0.837574
8 136 0.837135
8 48 0.837103
8 186 0.837052
9 213 0.860414
9 60 0.858128
9 241 0.857264
9 67 0.857015
9 14 0.856138
9 104 0.855871
9 48 0.855849
9 217 0.855552
9 203 0.855538
9 254 0.855068
10 213 0.854292
10 104 0.851365
10 71 0.849235
10 254 0.849089
10 60 0.849021
10 156 0.848690
10 217 0.848668
10 136 0.848290
10 48 0.848270
10 70 0.847735
11 213 0.857122
11 104 0.855074
11 97 0.853074
11 203 0.852765
11 48 0.852696
11 136 0.851174
11 93 0.850685
11 68 0.850390
11 63 0.850368
11 234 0.850337
12 213 0.855684
12 177 0.854524
12 14 0.854465
12 9 0.853844
12 60 0.853380
12 180 0.852930
12 241 0.852642
12 68 0.851790
12 104 0.851474
12 254 0.851471
13 213 0.857311
13 104 0.856790
13 142 0.854484
13 241 0.854271
13 203 0.853756
13 70 0.853316
13 60 0.853183
13 217 0.852729
13 254 0.852697
13 97 0.852532
14 213 0.864043
14 104 0.862316
14 60 0.861641
14 97 0.861579
14 241 0.860751
14 203 0.860181
14 177 0.859606
14 217 0.859416
14 63 0.858970
14 180 0.858907
15 213 0.855566
15 104 0.853055
15 136 0.851286
15 97 0.850888
15 241 0.849978
15 48 0.849327
15 254 0.848808
15 71 0.848436
15 76 0.848171
15 14 0.847994
16 213 0.855852
16 104 0.854023
16 177 0.852764
16 217 0.852543
16 241 0.852460
16 60 0.851869
16 14 0.851262
16 136 0.851044
16 48 0.850839
16 203 0.850723
17 213 0.859612
17 217 0.857677
17 104 0.856966
17 60 0.856894
17 61 0.856462
17 203 0.856394
17 67 0.856216
17 97 0.855853
17 106 0.855499
17 157 0.855276
18 60 0.849395
18 142 0.848656
18 213 0.848116
18 104 0.847614
18 241 0.846757
18 106 0.846213
18 92 0.845704
18 97 0.845601
18 203 0.845594
18 67 0.845346
19 60 0.860055
19 213 0.859690
19 104 0.857748
19 203 0.857194
19 61 0.857071
19 241 0.856999
19 136 0.856774
19 70 0.856697
19 97 0.856617
19 217 0.856608
20 213 0.851560
20 67 0.851126
20 104 0.849548
20 177 0.849404
20 254 0.849255
20 97 0.849239
20 241 0.849182
20 203 0.848119
20 14 0.847994
20 135 0.847979
21 213 0.858906
21 104 0.858743
21 97 0.856196
21 217 0.854875
21 135 0.854871
21 254 0.854847
21 60 0.854043
21 61 0.853717
21 48 0.853665
21 14 0.853664
22 104 0.860479
22 213 0.859174
22 61 0.857905
22 97 0.857181
22 241 0.856648
22 63 0.855451
22 203 0.855178
22 14 0.854708
22 217 0.854659
22 76 0.854600
23 213 0.855931
23 104 0.852788
23 241 0.852731
23 60 0.852206
23 97 0.852137
23 67 0.852027
23 217 0.851229
23 177 0.850839
23 233 0.850684
23 136 0.850636
24 213 0.845355
24 247 0.844140
24 104 0.844126
24 166 0.843849
24 157 0.843548
24 149 0.843083
24 67 0.842568
24 48 0.842452
24 136 0.841860
24 161 0.841755
25 213 0.850464
25 97 0.849109
25 60 0.848903
25 104 0.848878
25 156 0.848741
25 203 0.848611
25 177 0.848450
25 157 0.847757
25 241 0.847749
25 254 0.847475
26 104 0.852464
26 213 0.850926
26 136 0.849808
26 60 0.849767
26 203 0.849173
26 14 0.847886
26 241 0.847402
26 97 0.847218
26 170 0.846866
26 63 0.846796
27 104 0.850235
27 60 0.850110
27 241 0.849890
27 213 0.849605
27 203 0.849423
27 97 0.848392
27 156 0.847350
27 177 0.847235
27 14 0.846943
27 233 0.846649
28 213 0.860945
28 104 0.857782
28 97 0.857490
28 60 0.856203
28 241 0.856031
28 14 0.855368
28 217 0.854633
28 203 0.854450
28 233 0.853559
28 61 0.853448
29 213 0.857194
29 60 0.853476
29 241 0.853446
29 136 0.853231
29 104 0.853020
29 48 0.852655
29 97 0.852556
29 217 0.852412
29 203 0.852343
29 142 0.851627
30 104 0.854246
30 213 0.853655
30 60 0.852858
30 241 0.852180
30 97 0.851210
30 203 0.850737
30 136 0.850599
30 217 0.849641
30 61 0.849522
30 76 0.849027
31 213 0.859958
31 136 0.857587
31 254 0.855793
31 104 0.855374
31 166 0.854864
31 157 0.854698
31 247 0.854569
31 180 0.854513
31 217 0.854411
31 203 0.854365
32 104 0.859353
32 213 0.858410
32 217 0.857161
32 203 0.855734
32 67 0.855652
32 142 0.855282
32 48 0.855269
32 61 0.855138
32 60 0.855028
32 76 0.854918
33 213 0.856869
33 104 0.852673
33 177 0.852219
33 60 0.852076
33 68 0.852023
33 48 0.851972
33 14 0.851909
33 123 0.851778
33 136 0.851732
33 97 0.851312
34 104 0.855509
34 213 0.854547
34 217 0.854140
34 60 0.853287
34 61 0.852777
34 48 0.852654
34 156 0.851992
34 67 0.851904
34 203 0.851890
34 68 0.851734
35 156 0.842712
35 123 0.841804
35 241 0.841723
35 136 0.841433
35 213 0.841138
35 67 0.841119
35 60 0.840841
35 146 0.840809
35 48 0.840118
35 177 0.839922
36 104 0.860419
36 213 0.859522
36 97 0.857253
36 241 0.856610
36 60 0.855979
36 63 0.855710
36 76 0.855499
36 203 0.855258
36 61 0.855232
36 14 0.854773
37 213 0.852043
37 104 0.850313
37 136 0.849550
37 61 0.849505
37 217 0.849397
37 156 0.849195
37 17 0.849176
37 131 0.849160
37 48 0.848664
37 93 0.848571
38 104 0.856539
38 213 0.855879
38 241 0.855586
38 14 0.853920
38 97 0.853717
38 177 0.853195
38 48 0.853055
38 63 0.852691
38 234 0.852339
38 123 0.852260
39 213 0.852533
39 104 0.851119
39 136 0.849329
39 157 0.849220
39 154 0.849159
39 131 0.848910
39 156 0.848864
39 71 0.848791
39 180 0.848740
39 132 0.848491
40 213 0.857381
40 123 0.856159
40 104 0.854536
40 136 0.854523
40 203 0.853857
40 60 0.853581
40 71 0.853567
40 217 0.853313
40 241 0.852630
40 142 0.852572
41 177 0.850213
41 14 0.849956
41 213 0.848437
41 241 0.848357
41 97 0.848282
41 63 0.848191
41 104 0.848082
41 60 0.847327
41 61 0.847065
41 67 0.846686
42 213 0.857406
42 104 0.856060
42 241 0.853835
42 60 0.853049
42 136 0.852955
42 48 0.852832
42 254 0.852534
42 97 0.852454
42 217 0.852359
42 132 0.852032
43 203 0.853598
43 60 0.852743
43 104 0.852740
43 136 0.852623
43 213 0.852304
43 156 0.851467
43 217 0.851130
43 247 0.850552
43 106 0.850297
43 71 0.850294
44 213 0.857400
44 136 0.856429
44 217 0.853848
44 48 0.853766
44 104 0.853739
44 67 0.853540
44 60 0.853317
44 157 0.852565
44 71 0.852429
44 156 0.852274
45 104 0.843501
45 213 0.840776
45 97 0.839555
45 136 0.839326
45 191 0.838238
45 241 0.838216
45 254 0.838033
45 233 0.837738
45 70 0.837267
45 170 0.837037
46 213 0.852480
46 254 0.849597
46 104 0.848364
46 217 0.848045
46 97 0.847768
46 136 0.847049
46 14 0.846921
46 62 0.846682
46 93 0.846493
46 68 0.846406
47 213 0.846592
47 104 0.845785
47 136 0.843998
47 97 0.843302
47 157 0.842924
47 107 0.842484
47 60 0.841907
47 177 0.841701
47 241 0.841700
47 254 0.840797
48 213 0.864966
48 104 0.862915
48 136 0.862147
48 61 0.860968
48 97 0.860413
48 203 0.859595
48 234 0.859291
48 217 0.859264
48 70 0.858904
48 114 0.858741
49 213 0.849660
49 136 0.848719
49 104 0.848596
49 70 0.847745
49 60 0.847536
49 241 0.846233
49 48 0.845954
49 254 0.845905
49 247 0.845520
49 157 0.845272
50 213 0.845615
50 104 0.844472
50 6 0.844354
50 217 0.844287
50 123 0.844201
50 157 0.844035
50 60 0.844016
50 170 0.843793
50 166 0.843783
50 156 0.843676
51 213 0.852481
51 104 0.852291
51 177 0.852122
51 60 0.851494
51 203 0.850358
51 241 0.849901
51 135 0.849677
51 217 0.849563
51 123 0.849539
51 77 0.849494
52 60 0.845617
52 247 0.845340
52 136 0.845058
52 123 0.844650
52 213 0.844388
52 166 0.844251
52 132 0.843994
52 67 0.843848
52 104 0.843249
52 224 0.843179
53 213 0.859286
53 104 0.858020
53 217 0.856668
53 48 0.856582
53 203 0.855065
53 70 0.855011
53 136 0.854730
53 60 0.854577
53 67 0.854565
53 157 0.854511
54 136 0.845857
54 213 0.845605
54 6 0.843808
54 48 0.843206
54 135 0.843149
54 104 0.842971
54 123 0.842968
54 81 0.842918
54 217 0.842647
54 166 0.842598
55 213 0.853068
55 48 0.851807
55 234 0.851711
55 104 0.851630
55 217 0.851025
55 136 0.850930
55 123 0.850426
55 61 0.849737
55 70 0.849688
55 254 0.849291
56 213 0.843536
56 254 0.840219
56 65 0.840108
56 97 0.839775
56 62 0.839555
56 67 0.838500
56 104 0.838284
56 107 0.838222
56 93 0.838128
56 106 0.837626
57 213 0.856589
57 241 0.855868
57 104 0.855431
57 123 0.855144
57 14 0.854858
57 60 0.854395
57 217 0.853905
57 67 0.853858
57 203 0.853736
57 233 0.853468
58 213 0.834934
58 203 0.833622
58 241 0.833601
58 60 0.833367
58 67 0.833198
58 104 0.833004
58 217 0.832721
58 106 0.832030
58 17 0.831492
58 110 0.831072
59 213 0.854710
59 136 0.853689
59 60 0.853344
59 104 0.852894
59 217 0.852790
59 70 0.852431
59 241 0.851581
59 142 0.851304
59 247 0.850701
59 156 0.850565
60 213 0.865788
60 104 0.864256
60 203 0.863058
60 241 0.862858
60 217 0.862228
60 14 0.861641
60 63 0.861230
60 106 0.861214
60 67 0.861133
60 136 0.861015
61 213 0.864028
61 104 0.863191
61 97 0.861624
61 48 0.860968
61 203 0.860097
61 217 0.859895
61 177 0.859664
61 241 0.859178
61 60 0.858849
61 14 0.858783
62 213 0.862992
62 104 0.859769
62 97 0.859694
62 254 0.857987
62 217 0.857773
62 241 0.857194
62 60 0.857156
62 142 0.856679
62 61 0.856401
62 67 0.856268
63 213 0.862141
63 104 0.861466
63 60 0.861230
63 203 0.859719
63 241 0.859583
63 136 0.859444
63 97 0.859402
63 14 0.858970
63 156 0.858754
63 177 0.858139
64 213 0.852822
64 67 0.852011
64 60 0.852009
64 104 0.851826
64 203 0.851239
64 217 0.850796
64 70 0.850281
64 93 0.849817
64 156 0.849548
64 61 0.849484
65 104 0.860034
65 213 0.859302
65 241 0.856728
65 135 0.856644
65 97 0.855931
65 60 0.855571
65 203 0.854925
65 177 0.854577
65 142 0.854203
65 63 0.854202
66 213 0.856799
66 136 0.853797
66 217 0.853398
66 104 0.853361
66 48 0.852433
66 70 0.852353
66 157 0.851759
66 60 0.851726
66 62 0.851579
66 107 0.851281
67 213 0.862516
67 60 0.861133
67 217 0.860671
67 104 0.860372
67 166 0.859920
67 203 0.859666
67 241 0.858435
67 234 0.858340
67 247 0.858330
67 135 0.858135
68 213 0.863106
68 104 0.859156
68 217 0.857710
68 97 0.857618
68 48 0.856958
68 60 0.856883
68 177 0.856373
68 67 0.856331
68 234 0.856117
68 14 0.855946
69 213 0.854842
69 254 0.854395
69 67 0.853428
69 157 0.852811
69 136 0.852762
69 217 0.852425
69 48 0.852320
69 104 0.852152
69 70 0.852095
69 146 0.851605
70 213 0.863220
70 104 0.861676
70 136 0.861426
70 60 0.860662
70 203 0.860594
70 241 0.859989
70 97 0.859747
70 217 0.859326
70 48 0.858904
70 234 0.858845
71 213 0.862813
71 104 0.860452
71 136 0.859448
71 123 0.858523
71 217 0.858406
71 203 0.858168
71 48 0.857450
71 254 0.857270
71 146 0.857032
71 156 0.856972
72 213 0.845897
72 217 0.845149
72 156 0.844279
72 71 0.844053
72 60 0.844042
72 104 0.843932
72 123 0.843907
72 17 0.843309
72 203 0.842975
72 136 0.842680
73 213 0.855439
73 60 0.855232
73 67 0.854036
73 104 0.853930
73 203 0.853463
73 217 0.852464
73 97 0.852217
73 166 0.852111
73 170 0.851675
73 63 0.851623
74 104 0.850642
74 213 0.848297
74 136 0.846780
74 97 0.845142
74 48 0.844665
74 79 0.844458
74 241 0.844375
74 170 0.844305
74 177 0.843987
74 60 0.843889
75 213 0.846877
75 156 0.845992
75 136 0.845796
75 104 0.844637
75 186 0.844321
75 61 0.844142
75 60 0.843728
75 217 0.843655
75 203 0.843643
75 48 0.843503
76 104 0.861782
76 213 0.861536
76 247 0.859271
76 203 0.858945
76 60 0.858339
76 241 0.857903
76 217 0.857853
76 48 0.857763
76 136 0.857686
76 61 0.857493
77 213 0.859709
77 177 0.857956
77 104 0.857819
77 60 0.857264
77 217 0.856992
77 61 0.856671
77 241 0.856566
77 203 0.856140
77 68 0.855858
77 97 0.855509
78 213 0.847114
78 136 0.844157
78 177 0.843639
78 106 0.843317
78 60 0.843235
78 104 0.842870
78 203 0.841947
78 241 0.841491
78 97 0.841362
78 217 0.841227
79 213 0.860279
79 104 0.859965
79 97 0.859063
79 241 0.858824
79 203 0.857210
79 63 0.856602
79 136 0.856516
79 60 0.856204
79 177 0.855778
79 14 0.855453
80 213 0.856251
80 254 0.854387
80 217 0.854172
80 146 0.853995
80 62 0.853144
80 157 0.852581
80 14 0.852580
80 142 0.852420
80 104 0.852378
80 71 0.852340
81 213 0.859721
81 104 0.858167
81 60 0.857897
81 136 0.857804
81 157 0.856820
81 217 0.856460
81 6 0.855960
81 166 0.855794
81 135 0.855783
81 14 0.855706
82 213 0.850624
82 254 0.845742
82 14 0.844887
82 146 0.844015
82 71 0.843685
82 104 0.843436
82 157 0.842559
82 93 0.842419
82 48 0.842328
82 203 0.842248
83 213 0.857435
83 104 0.856446
83 136 0.855718
83 217 0.854519
83 203 0.853201
83 67 0.853043
83 149 0.852988
83 48 0.852929
83 71 0.852889
83 123 0.852815
84 97 0.853735
84 213 0.852890
84 254 0.850097
84 104 0.849920
84 14 0.849058
84 241 0.848777
84 93 0.848011
84 61 0.847984
84 233 0.847098
84 60 0.846977
85 213 0.853367
85 104 0.853166
85 217 0.851068
85 48 0.849883
85 203 0.849280
85 60 0.848947
85 142 0.848940
85 76 0.848739
85 241 0.848585
85 61 0.848311
86 213 0.845964
86 104 0.843613
86 157 0.841720
86 61 0.841704
86 48 0.841335
86 136 0.841143
86 107 0.841095
86 97 0.840851
86 67 0.840548
86 217 0.840443
87 213 0.857332
87 60 0.857011
87 104 0.856792
87 203 0.856108
87 241 0.854919
87 63 0.854635
87 97 0.854402
87 177 0.853463
87 106 0.852876
87 14 0.852497
88 213 0.855534
88 60 0.854910
88 241 0.854822
88 104 0.854762
88 97 0.852926
88 203 0.852413
88 156 0.851608
88 63 0.851329
88 79 0.851147
88 106 0.850772
89 213 0.852948
89 241 0.851739
89 104 0.850366
89 97 0.849248
89 142 0.848700
89 14 0.848677
89 254 0.847674
89 177 0.847671
89 203 0.847624
89 60 0.847606
90 213 0.856774
90 104 0.854488
90 14 0.853575
90 97 0.853340
90 203 0.852532
90 48 0.852364
90 156 0.852075
90 136 0.852021
90 63 0.851863
90 254 0.851791
91 213 0.851563
91 67 0.850761
91 48 0.849393
91 203 0.849338
91 166 0.848461
91 61 0.848405
91 217 0.848267
91 136 0.848050
91 247 0.848034
91 60 0.847997
92 213 0.861845
92 104 0.859436
92 97 0.858551
92 241 0.857990
92 60 0.856730
92 203 0.856607
92 106 0.854791
92 217 0.854625
92 177 0.854588
92 71 0.854489
93 213 0.862420
93 104 0.860171
93 203 0.859258
93 136 0.858871
93 97 0.858406
93 254 0.858096
93 70 0.857522
93 60 0.857400
93 14 0.857026
93 217 0.856951
94 123 0.837636
94 213 0.837062
94 254 0.836239
94 69 0.836041
94 31 0.835686
94 80 0.835111
94 200 0.834965
94 48 0.834741
94 234 0.834736
94 104 0.834375
95 213 0.858110
95 104 0.855954
95 136 0.853923
95 48 0.853900
95 71 0.852070
95 97 0.851674
95 203 0.851565
95 241 0.851265
95 149 0.851125
95 123 0.851009
96 213 0.848700
96 104 0.847481
96 67 0.846505
96 97 0.845758
96 217 0.845728
96 241 0.845679
96 14 0.845535
96 254 0.845311
96 62 0.844998
96 61 0.844738
97 213 0.868100
97 104 0.866082
97 241 0.864054
97 61 0.861623
97 254 0.861599
97 14 0.861579
97 136 0.861457
97 203 0.861272
97 177 0.860582
97 48 0.860413
98 213 0.858782
98 104 0.857525
98 241 0.856803
98 97 0.855985
98 177 0.855965
98 61 0.854576
98 203 0.853365
98 48 0.853329
98 60 0.853258
98 14 0.853188
99 213 0.854315
99 104 0.853733
99 97 0.853133
99 61 0.852660
99 48 0.851813
99 136 0.850348
99 241 0.850287
99 254 0.850055
99 233 0.849498
99 60 0.849439
100 217 0.855668
100 67 0.855202
100 213 0.854661
100 104 0.854616
100 186 0.854323
100 166 0.854125
100 247 0.853942
100 60 0.853609
100 76 0.853461
100 136 0.853081
101 213 0.859073
101 104 0.855413
101 254 0.855392
101 146 0.854419
101 14 0.854231
101 71 0.854214
101 97 0.853259
101 136 0.853124
101 68 0.853115
101 217 0.853111
102 213 0.859755
102 104 0.857583
102 203 0.855608
102 241 0.855158
102 97 0.854672
102 48 0.854555
102 136 0.854165
102 233 0.853625
102 60 0.852933
102 234 0.852528
103 213 0.853317
103 241 0.849498
103 217 0.848765
103 14 0.848616
103 104 0.848562
103 60 0.848482
103 68 0.848204
103 67 0.847857
103 63 0.847828
103 177 0.847795
104 213 0.869605
104 97 0.866082
104 203 0.864823
104 60 0.864256
104 241 0.864209
104 217 0.863766
104 136 0.863446
104 61 0.863191
104 170 0.862968
104 48 0.862915
105 213 0.855445
105 123 0.855075
105 241 0.853706
105 203 0.853267
105 104 0.853106
105 67 0.853039
105 234 0.852830
105 217 0.852736
105 247 0.852465
105 136 0.852343
106 213 0.863557
106 104 0.861689
106 60 0.861213
106 203 0.860396
106 136 0.859254
106 97 0.858989
106 217 0.858738
106 241 0.857614
106 177 0.857093
106 61 0.856723
107 213 0.861154
107 104 0.857905
107 48 0.857156
107 136 0.856914
107 177 0.856874
107 97 0.856728
107 254 0.856648
107 70 0.856454
107 61 0.856173
107 241 0.855911
108 213 0.853323
108 170 0.850520
108 48 0.849780
108 104 0.849222
108 9 0.849080
108 254 0.848633
108 177 0.848513
108 53 0.848386
108 157 0.848091
108 233 0.847960
109 213 0.857872
109 104 0.856053
109 136 0.854949
109 48 0.854170
109 60 0.853838
109 203 0.853374
109 241 0.852732
109 71 0.852554
109 217 0.852499
109 67 0.852305
110 104 0.855333
110 213 0.854710
110 166 0.854227
110 67 0.853282
110 217 0.852754
110 123 0.852407
110 203 0.851999
110 135 0.851858
110 157 0.851320
110 60 0.851032
111 213 0.850009
111 104 0.847251
111 254 0.846300
111 241 0.846134
111 71 0.845785
111 60 0.845696
111 217 0.845650
111 48 0.845389
111 132 0.845359
111 136 0.845350
112 213 0.844337
112 156 0.844165
112 60 0.844122
112 254 0.843121
112 180 0.842902
112 14 0.842612
112 104 0.841964
112 67 0.841831
112 93 0.841598
112 157 0.841510
113 104 0.858638
113 213 0.857688
113 241 0.856347
113 70 0.856232
113 234 0.856106
113 60 0.855975
113 203 0.855811
113 136 0.855519
113 48 0.855372
113 156 0.854953
114 213 0.863261
114 104 0.861411
114 60 0.860872
114 203 0.858847
114 48 0.858741
114 136 0.858219
114 217 0.858103
114 14 0.857686
114 97 0.857630
114 61 0.857546
115 213 0.859312
115 104 0.858195
115 217 0.854916
115 48 0.853955
115 241 0.853809
115 61 0.853405
115 70 0.853313
115 60 0.853231
115 97 0.853216
115 136 0.853165
116 213 0.851012
116 104 0.848855
116 97 0.848459
116 48 0.848299
116 170 0.847470
116 67 0.847463
116 136 0.847085
116 106 0.846965
116 61 0.846611
116 17 0.846605
117 213 0.846469
117 104 0.845385
117 60 0.845048
117 136 0.844408
117 166 0.844284
117 6 0.844089
117 233 0.844018
117 123 0.843890
117 157 0.843813
117 67 0.843587
118 213 0.848826
118 104 0.848039
118 203 0.845079
118 170 0.845001
118 97 0.844920
118 200 0.844438
118 63 0.844420
118 60 0.844343
118 106 0.843699
118 156 0.843669
119 213 0.849809
119 241 0.847519
119 104 0.846294
119 97 0.846279
119 14 0.845871
119 217 0.845762
119 254 0.844835
119 60 0.844092
119 70 0.843883
119 61 0.843818
120 213 0.856583
120 241 0.855535
120 14 0.855110
120 177 0.854933
120 104 0.854622
120 97 0.854205
120 123 0.853851
120 61 0.853383
120 203 0.852951
120 70 0.852882
121 213 0.854541
121 60 0.852711
121 67 0.852384
121 104 0.851780
121 217 0.850980
121 241 0.850379
121 156 0.850193
121 254 0.849959
121 149 0.849578
121 170 0.849576
122 60 0.855763
122 213 0.855581
122 104 0.853161
122 136 0.852975
122 156 0.852517
122 70 0.852407
122 170 0.852009
122 217 0.851782
122 149 0.851711
122 203 0.851398
123 213 0.859924
123 104 0.858788
123 217 0.858607
123 71 0.858523
123 203 0.858522
123 136 0.858505
123 241 0.857780
123 14 0.857399
123 60 0.857103
123 76 0.857078
124 67 0.847178
124 213 0.846421
124 60 0.844957
124 6 0.844834
124 217 0.844776
124 48 0.844732
124 247 0.844536
124 166 0.844282
124 234 0.844196
124 104 0.844146
125 213 0.853117
125 60 0.852561
125 104 0.852486
125 136 0.852057
125 156 0.851304
125 217 0.851084
125 48 0.850860
125 70 0.850820
125 254 0.850773
125 106 0.850275
126 104 0.844257
126 142 0.844073
126 123 0.843223
126 254 0.842969
126 71 0.842733
126 62 0.842650
126 217 0.842626
126 213 0.842554
126 197 0.842464
126 177 0.841936
127 213 0.854839
127 217 0.853386
127 203 0.852654
127 60 0.852615
127 93 0.852244
127 142 0.851278
127 67 0.851190
127 136 0.851095
127 71 0.851035
127 254 0.850590
128 213 0.854355
128 104 0.852006
128 61 0.851076
128 203 0.850814
128 48 0.850449
128 217 0.850138
128 241 0.849511
128 97 0.849492
128 67 0.849461
128 234 0.848976
129 213 0.843395
129 123 0.842236
129 166 0.841863
129 157 0.841455
129 97 0.841009
129 48 0.840997
129 136 0.840978
129 169 0.840697
129 40 0.840207
129 203 0.840090
130 213 0.851762
130 104 0.849559
130 157 0.849317
130 93 0.847983
130 131 0.847117
130 136 0.847114
130 170 0.847073
130 97 0.846691
130 254 0.846679
130 48 0.846531
131 213 0.862046
131 104 0.859687
131 136 0.858753
131 203 0.858267
131 217 0.856718
131 48 0.856304
131 156 0.855949
131 61 0.855934
131 60 0.855818
131 157 0.855545
132 213 0.861096
132 104 0.858507
132 60 0.857352
132 241 0.856054
132 136 0.855975
132 48 0.855951
132 217 0.855858
132 203 0.855633
132 97 0.855455
132 76 0.855439
133 213 0.856410
133 14 0.854811
133 104 0.854416
133 241 0.854307
133 60 0.853877
133 203 0.853653
133 9 0.852668
133 48 0.852662
133 234 0.852648
133 76 0.852600
134 104 0.849419
134 213 0.849016
134 97 0.846797
134 241 0.846742
134 136 0.846216
134 63 0.845809
134 233 0.845792
134 123 0.845639
134 142 0.845427
134 135 0.845253
135 104 0.861741
135 213 0.860397
135 241 0.858831
135 170 0.858621
135 97 0.858300
135 67 0.858135
135 217 0.857859
135 60 0.857839
135 203 0.857691
135 61 0.857565
136 213 0.866272
136 104 0.863446
136 48 0.862147
136 97 0.861457
136 70 0.861426
136 203 0.861364
136 60 0.861015
136 247 0.861007
136 217 0.860564
136 6 0.860232
137 213 0.853806
137 104 0.851598
137 136 0.851240
137 97 0.851085
137 93 0.850685
137 71 0.849373
137 203 0.849196
137 254 0.849058
137 48 0.848926
137 63 0.848912
138 213 0.853149
138 67 0.851851
138 104 0.851751
138 60 0.851261
138 97 0.851185
138 217 0.850240
138 70 0.849630
138 241 0.849530
138 203 0.849462
138 254 0.849430
139 104 0.855858
139 213 0.855193
139 60 0.854856
139 203 0.852985
139 217 0.852834
139 136 0.852811
139 70 0.852785
139 241 0.852401
139 93 0.851098
139 156 0.850929
140 213 0.855422
140 104 0.852971
140 97 0.849560
140 48 0.849439
140 241 0.849361
140 217 0.849256
140 67 0.849239
140 166 0.848861
140 136 0.848611
140 234 0.848553
141 213 0.857513
141 60 0.855147
141 104 0.854958
141 177 0.853179
141 136 0.852754
141 170 0.852599
141 156 0.852496
141 97 0.852421
141 241 0.852336
141 180 0.852176
142 213 0.861236
142 241 0.860817
142 104 0.860366
142 60 0.858960
142 203 0.858780
142 97 0.858494
142 217 0.858447
142 254 0.858279
142 233 0.857429
142 14 0.856920
143 213 0.859736
143 104 0.858746
143 203 0.857203
143 60 0.856898
143 217 0.856574
143 61 0.856430
143 106 0.855939
143 67 0.855458
143 48 0.855276
143 170 0.854880
144 104 0.854336
144 213 0.853107
144 61 0.851437
144 203 0.851435
144 217 0.850651
144 48 0.850308
144 136 0.849399
144 97 0.849398
144 67 0.848888
144 131 0.848823
145 241 0.837838
145 67 0.837284
145 76 0.836977
145 57 0.836945
145 14 0.836889
145 247 0.836741
145 234 0.836518
145 142 0.836212
145 104 0.836009
145 146 0.835973
146 213 0.861131
146 104 0.859325
146 247 0.857562
146 14 0.857326
146 136 0.857283
146 217 0.857151
146 71 0.857032
146 123 0.856754
146 97 0.856662
146 61 0.856388
147 213 0.857764
147 60 0.856353
147 104 0.854213
147 136 0.853640
147 203 0.853362
147 70 0.853311
147 217 0.853102
147 241 0.852893
147 254 0.852836
147 71 0.852243
148 213 0.852350
148 104 0.851578
148 97 0.851525
148 61 0.848579
148 67 0.848160
148 241 0.848119
148 203 0.848075
148 17 0.847979
148 68 0.847659
148 217 0.846957
149 213 0.862604
149 104 0.859094
149 217 0.857824
149 60 0.856815
149 136 0.856112
149 203 0.855975
149 48 0.855799
149 67 0.855755
149 114 0.855492
149 254 0.855440
150 213 0.849366
150 247 0.846171
150 104 0.845979
150 67 0.845631
150 76 0.845400
150 114 0.845365
150 60 0.845182
150 136 0.845028
150 48 0.844709
150 217 0.844636
151 213 0.852829
151 104 0.852241
151 48 0.850576
151 97 0.849780
151 241 0.848958
151 234 0.848606
151 254 0.848561
151 107 0.848545
151 115 0.848384
151 136 0.847947
152 213 0.852839
152 104 0.851885
152 67 0.850169
152 241 0.849707
152 48 0.848982
152 76 0.848637
152 203 0.848628
152 123 0.848625
152 97 0.848465
152 234 0.848300
153 213 0.848199
153 104 0.847160
153 157 0.846233
153 136 0.845861
153 254 0.845346
153 14 0.844822
153 48 0.844702
153 180 0.844613
153 97 0.844138
153 166 0.844126
154 104 0.858466
154 213 0.858440
154 48 0.857139
154 156 0.856401
154 136 0.856139
154 71 0.856133
154 70 0.855853
154 203 0.855819
154 113 0.854722
154 241 0.854714
155 213 0.845670
155 67 0.845460
155 157 0.845012
155 166 0.844894
155 247 0.844876
155 6 0.844674
155 136 0.844401
155 170 0.844321
155 60 0.844226
155 149 0.844195
156 104 0.860854
156 213 0.860586
156 60 0.860336
156 203 0.859375
156 63 0.858754
156 136 0.858666
156 177 0.858157
156 170 0.858076
156 217 0.857999
156 48 0.857621
157 213 0.862317
157 136 0.859403
157 104 0.859214
157 60 0.858439
157 217 0.858246
157 247 0.857947
157 48 0.857860
157 166 0.857783
157 61 0.857172
157 67 0.857122
158 213 0.853038
158 97 0.851337
158 104 0.850877
158 14 0.848888
158 136 0.848142
158 60 0.848013
158 157 0.847718
158 254 0.847604
158 217 0.847297
158 61 0.847204
159 213 0.853578
159 104 0.850678
159 142 0.849396
159 203 0.848657
159 97 0.848566
159 93 0.848542
159 254 0.848435
159 233 0.847902
159 48 0.847189
159 61 0.846862
160 213 0.856769
160 67 0.856320
160 104 0.855844
160 48 0.855685
160 166 0.855252
160 76 0.854640
160 60 0.854530
160 136 0.854507
160 177 0.854233
160 63 0.854178
161 213 0.859590
161 104 0.858227
161 60 0.854985
161 203 0.854941
161 217 0.854798
161 247 0.854749
161 70 0.854413
161 234 0.854217
161 48 0.854137
161 114 0.854094
162 213 0.848359
162 104 0.847293
162 60 0.846950
162 106 0.845817
162 97 0.845599
162 14 0.845414
162 203 0.845242
162 136 0.844049
162 63 0.843937
162 156 0.843680
163 213 0.854005
163 136 0.853839
163 48 0.853263
163 203 0.851238
163 123 0.851220
163 217 0.851044
163 104 0.850938
163 61 0.850932
163 106 0.850043
163 71 0.850011
164 104 0.855299
164 241 0.854110
164 213 0.853693
164 177 0.852024
164 36 0.850990
164 156 0.850912
164 38 0.850911
164 97 0.850267
164 203 0.850116
164 135 0.849704
165 213 0.854781
165 14 0.853740
165 104 0.853676
165 123 0.853652
165 203 0.852686
165 48 0.851938
165 76 0.851475
165 217 0.851133
165 241 0.851099
165 97 0.850829
166 213 0.860374
166 67 0.859920
166 247 0.859726
166 136 0.858585
166 104 0.858244
166 157 0.857783
166 60 0.857576
166 217 0.857335
166 6 0.856584
166 203 0.856562
167 213 0.855415
167 177 0.853979
167 63 0.852882
167 136 0.852243
167 104 0.851577
167 14 0.851499
167 97 0.851490
167 203 0.850690
167 241 0.850565
167 79 0.850367
168 213 0.851714
168 104 0.850574
168 97 0.849138
168 60 0.848902
168 136 0.848890
168 241 0.848518
168 191 0.848329
168 14 0.847671
168 79 0.847509
168 177 0.847230
169 213 0.863039
169 104 0.859232
169 203 0.859040
169 97 0.857645
169 61 0.857535
169 60 0.857296
169 217 0.857280
169 48 0.857110
169 136 0.856793
169 234 0.856740
170 104 0.862968
170 213 0.862935
170 217 0.859821
170 60 0.859388
170 203 0.859294
170 135 0.858621
170 136 0.858126
170 156 0.858076
170 177 0.858068
170 67 0.857908
171 213 0.846721
171 217 0.842329
171 106 0.841944
171 177 0.841875
171 60 0.841551
171 203 0.841484
171 14 0.841325
171 241 0.841264
171 97 0.840931
171 104 0.840690
172 213 0.853886
172 104 0.853386
172 97 0.849982
172 60 0.849967
172 203 0.849672
172 48 0.849117
172 170 0.849007
172 234 0.848952
172 63 0.848861
172 61 0.848685
173 213 0.849550
173 104 0.847923
173 48 0.845715
173 203 0.845705
173 136 0.845368
173 93 0.845316
173 60 0.845153
173 166 0.844996
173 157 0.844768
173 61 0.844185
174 213 0.847341
174 136 0.844248
174 104 0.843796
174 97 0.843654
174 123 0.843649
174 203 0.843088
174 224 0.842785
174 67 0.842576
174 234 0.842566
174 60 0.842436
175 213 0.852717
175 104 0.851061
175 97 0.848920
175 254 0.848828
175 177 0.847936
175 241 0.847491
175 217 0.847172
175 71 0.847169
175 156 0.847072
175 203 0.846705
176 104 0.842438
176 67 0.841586
176 32 0.841135
176 203 0.840999
176 217 0.840355
176 213 0.840084
176 247 0.840044
176 60 0.839928
176 76 0.839580
176 156 0.839384
177 213 0.863404
177 241 0.861673
177 104 0.860774
177 97 0.860582
177 60 0.860250
177 61 0.859664
177 14 0.859606
177 203 0.858616
177 217 0.858455
177 156 0.858157
178 213 0.853174
178 60 0.852548
178 104 0.852449
178 203 0.851801
178 241 0.851396
178 97 0.851180
178 142 0.850748
178 14 0.849831
178 61 0.849181
178 70 0.849113
179 213 0.857191
179 104 0.854831
179 241 0.853395
179 97 0.853328
179 60 0.852621
179 142 0.850881
179 62 0.850754
179 177 0.850517
179 254 0.850455
179 233 0.850348
180 213 0.860174
180 14 0.858907
180 97 0.857735
180 104 0.857671
180 136 0.857666
180 60 0.856900
180 63 0.856581
180 254 0.856132
180 146 0.856011
180 48 0.856000
181 213 0.855954
181 60 0.855827
181 104 0.855631
181 217 0.853205
181 203 0.852964
181 123 0.852953
181 241 0.852897
181 136 0.852270
181 156 0.852160
181 14 0.851966
182 213 0.858445
182 104 0.857419
182 97 0.856180
182 136 0.856112
182 177 0.854750
182 143 0.854524
182 106 0.854471
182 61 0.854313
182 170 0.854198
182 203 0.854193
183 213 0.853607
183 104 0.853416
183 241 0.852190
183 170 0.850428
183 97 0.850335
183 135 0.850335
183 156 0.849963
183 48 0.849822
183 177 0.849710
183 61 0.849214
184 104 0.849365
184 213 0.848996
184 61 0.848348
184 217 0.848120
184 14 0.847988
184 177 0.847924
184 97 0.847554
184 241 0.847273
184 203 0.847069
184 60 0.846969
185 123 0.847257
185 213 0.846746
185 203 0.845577
185 97 0.845328
185 104 0.845216
185 48 0.845056
185 241 0.844931
185 14 0.844783
185 166 0.844583
185 60 0.844424
186 213 0.860151
186 104 0.857956
186 203 0.857787
186 217 0.856418
186 60 0.856137
186 67 0.856108
186 136 0.856086
186 76 0.855942
186 63 0.855725
186 156 0.855654
187 254 0.839123
187 123 0.838778
187 142 0.838613
187 135 0.838376
187 61 0.838208
187 157 0.837787
187 104 0.837428
187 213 0.837407
187 146 0.837260
187 97 0.837222
188 213 0.858244
188 104 0.858106
188 60 0.855607
188 217 0.853762
188 67 0.853450
188 241 0.853302
188 233 0.852957
188 136 0.852890
188 76 0.852809
188 203 0.852700
189 241 0.853751
189 213 0.851650
189 177 0.851298
189 104 0.851232
189 123 0.850953
189 60 0.850506
189 97 0.850281
189 14 0.849650
189 68 0.849632
189 136 0.849276
190 213 0.846284
190 136 0.845578
190 247 0.845540
190 166 0.845188
190 123 0.844693
190 186 0.844468
190 67 0.844101
190 217 0.843780
190 48 0.843689
190 6 0.843626
191 213 0.862626
191 104 0.862103
191 97 0.858046
191 203 0.857924
191 136 0.857263
191 241 0.857075
191 177 0.856411
191 61 0.856395
191 48 0.856380
191 170 0.856339
192 213 0.853315
192 104 0.852232
192 60 0.850441
192 97 0.849786
192 142 0.849401
192 203 0.849380
192 106 0.849299
192 241 0.849263
192 217 0.849218
192 62 0.847949
193 213 0.853890
193 104 0.853820
193 241 0.853676
193 60 0.852639
193 97 0.852295
193 203 0.851154
193 136 0.850998
193 177 0.850220
193 70 0.850176
193 113 0.850011
194 213 0.848414
194 104 0.847845
194 241 0.847043
194 234 0.846194
194 79 0.846046
194 203 0.845994
194 71 0.845961
194 97 0.845951
194 177 0.845843
194 123 0.845834
195 213 0.852490
195 104 0.850952
195 203 0.850273
195 217 0.849826
195 14 0.849808
195 67 0.849621
195 123 0.849248
195 48 0.849080
195 234 0.849061
195 156 0.848681
196 213 0.842424
196 157 0.841662
196 97 0.841415
196 104 0.841039
196 62 0.840554
196 93 0.840373
196 67 0.840007
196 182 0.839848
196 106 0.839829
196 17 0.839660
197 213 0.853662
197 104 0.853460
197 71 0.852932
197 177 0.852809
197 123 0.852407
197 67 0.852380
197 146 0.852173
197 254 0.852109
197 135 0.852039
197 142 0.851868
198 213 0.859654
198 104 0.858230
198 60 0.856714
198 14 0.856171
198 177 0.856032
198 241 0.855619
198 217 0.855484
198 135 0.855400
198 67 0.855312
198 97 0.855028
199 213 0.851989
199 60 0.851386
199 104 0.849406
199 217 0.849338
199 97 0.849334
199 254 0.849004
199 142 0.848476
199 241 0.847995
199 67 0.847914
199 106 0.847465
200 213 0.860252
200 104 0.858036
200 217 0.856316
200 203 0.856179
200 14 0.855551
200 170 0.855380
200 60 0.854727
200 67 0.854653
200 48 0.854281
200 106 0.853937
201 104 0.852404
201 213 0.851440
201 203 0.850592
201 60 0.850203
201 233 0.849794
201 217 0.849542
201 67 0.849399
201 14 0.849382
201 170 0.849192
201 97 0.848940
202 60 0.848831
202 213 0.848741
202 104 0.848684
202 67 0.848378
202 217 0.848225
202 203 0.848118
202 14 0.847902
202 142 0.847876
202 61 0.847320
202 106 0.846707
203 213 0.865771
203 104 0.864823
203 60 0.863058
203 217 0.861638
203 241 0.861615
203 136 0.861364
203 97 0.861272
203 70 0.860594
203 106 0.860396
203 14 0.860181
204 213 0.856884
204 104 0.855871
204 217 0.852524
204 60 0.851962
204 61 0.851076
204 48 0.850752
204 14 0.850550
204 67 0.850471
204 97 0.850277
204 62 0.850160
205 213 0.858719
205 104 0.856782
205 14 0.855862
205 97 0.855825
205 241 0.855462
205 254 0.854760
205 217 0.854273
205 60 0.854160
205 62 0.853709
205 177 0.853661
206 241 0.849643
206 97 0.848710
206 213 0.848288
206 104 0.848069
206 63 0.845976
206 60 0.845374
206 38 0.845242
206 14 0.845158
206 61 0.844915
206 136 0.844704
207 213 0.856840
207 104 0.856665
207 60 0.856166
207 217 0.853994
207 136 0.853851
207 106 0.852645
207 114 0.852345
207 156 0.852180
207 203 0.851942
207 48 0.851794
208 104 0.850599
208 213 0.849856
208 60 0.849331
208 136 0.847573
208 156 0.847247
208 48 0.846225
208 63 0.845757
208 97 0.845701
208 170 0.845429
208 114 0.845192
209 213 0.856783
209 14 0.854057
209 217 0.853661
209 104 0.852788
209 48 0.852501
209 97 0.852388
209 254 0.852361
209 67 0.852322
209 93 0.852174
209 180 0.852165
210 213 0.855094
210 104 0.854989
210 60 0.854326
210 203 0.852564
210 14 0.852419
210 123 0.852122
210 241 0.851693
210 217 0.851318
210 48 0.850931
210 67 0.850815
211 213 0.858884
211 136 0.855677
211 48 0.854960
211 104 0.854944
211 203 0.854857
211 97 0.854402
211 61 0.854007
211 70 0.853491
211 241 0.853217
211 217 0.853139
212 213 0.856166
212 104 0.855420
212 97 0.853812
212 241 0.852525
212 135 0.851507
212 60 0.851345
212 170 0.851273
212 177 0.850969
212 48 0.850860
212 203 0.850824
213 104 0.869605
213 97 0.868100
213 136 0.866272
213 60 0.865788
213 203 0.865771
213 217 0.865665
213 241 0.865635
213 254 0.865044
213 48 0.864966
213 14 0.864043
214 12 0.832127
214 213 0.831844
214 14 0.830944
214 104 0.829846
214 180 0.829634
214 121 0.829555
214 241 0.829336
214 156 0.828758
214 60 0.828558
214 223 0.828111
215 60 0.855436
215 104 0.853469
215 156 0.852691
215 14 0.852623
215 247 0.852495
215 135 0.852285
215 157 0.852241
215 217 0.851928
215 213 0.851621
215 70 0.851597
216 213 0.854313
216 104 0.854249
216 217 0.852300
216 60 0.851388
216 203 0.850410
216 136 0.850046
216 156 0.849863
216 106 0.849520
216 71 0.849500
216 67 0.849498
217 213 0.865665
217 104 0.863766
217 60 0.862228
217 203 0.861638
217 67 0.860671
217 136 0.860564
217 61 0.859895
217 170 0.859821
217 14 0.859416
217 70 0.859326
218 104 0.851642
218 60 0.851102
218 213 0.849334
218 241 0.849174
218 234 0.848705
218 203 0.848693
218 217 0.848598
218 61 0.848424
218 70 0.848382
218 76 0.848214
219 213 0.854658
219 104 0.853988
219 60 0.853752
219 156 0.852295
219 203 0.851892
219 217 0.851263
219 63 0.851161
219 48 0.851062
219 136 0.851043
219 241 0.850779
220 213 0.851375
220 136 0.849717
220 48 0.847883
220 123 0.846586
220 177 0.846483
220 104 0.846390
220 217 0.846387
220 254 0.846384
220 97 0.846366
220 157 0.846027
221 213 0.856192
221 136 0.854778
221 104 0.853979
221 60 0.853857
221 217 0.852969
221 247 0.852662
221 76 0.852008
221 114 0.851936
221 48 0.851146
221 203 0.851103
222 213 0.858980
222 136 0.857905
222 104 0.856708
222 97 0.855829
222 71 0.855804
222 60 0.855639
222 241 0.855603
222 254 0.855177
222 93 0.854743
222 217 0.854675
223 213 0.857718
223 241 0.856594
223 104 0.855904
223 60 0.855545
223 63 0.853949
223 123 0.853177
223 14 0.853119
223 177 0.852841
223 9 0.852423
223 97 0.851864
224 213 0.862864
224 136 0.860154
224 104 0.858335
224 60 0.856904
224 203 0.856825
224 97 0.856082
224 233 0.855758
224 247 0.855166
224 166 0.854831
224 241 0.854816
225 104 0.851528
225 217 0.849959
225 213 0.849607
225 61 0.849517
225 60 0.849020
225 123 0.848980
225 203 0.848945
225 142 0.848450
225 156 0.848149
225 241 0.848123
226 213 0.845831
226 60 0.844592
226 104 0.844063
226 241 0.843679
226 217 0.843020
226 14 0.842968
226 157 0.842749
226 123 0.842226
226 156 0.842144
226 70 0.841910
227 213 0.845198
227 104 0.844708
227 38 0.843293
227 170 0.842614
227 123 0.842288
227 156 0.841826
227 63 0.841707
227 177 0.841613
227 22 0.841499
227 14 0.841407
228 213 0.858972
228 104 0.858510
228 97 0.856872
228 241 0.856036
228 48 0.855522
228 63 0.854946
228 76 0.854401
228 203 0.854272
228 36 0.854051
228 61 0.853965
229 213 0.858563
229 241 0.856389
229 104 0.855953
229 177 0.855576
229 97 0.854977
229 203 0.854677
229 60 0.854326
229 217 0.853931
229 142 0.853901
229 106 0.853205
230 213 0.846942
230 67 0.846164
230 156 0.845221
230 217 0.845008
230 247 0.844826
230 123 0.844310
230 203 0.843684
230 104 0.843648
230 234 0.843581
230 154 0.843462
231 213 0.842864
231 104 0.841903
231 60 0.841303
231 67 0.841260
231 241 0.840670
231 203 0.840093
231 70 0.839745
231 247 0.839221
231 217 0.838925
231 106 0.838797
232 213 0.852432
232 61 0.850100
232 104 0.849949
232 97 0.849717
232 67 0.849543
232 14 0.849324
232 157 0.849078
232 48 0.848772
232 233 0.848350
232 203 0.848337
233 213 0.862995
233 104 0.861181
233 97 0.860312
233 241 0.858866
233 203 0.858328
233 254 0.858036
233 60 0.857829
233 136 0.857787
233 217 0.857506
233 142 0.857429
234 213 0.862658
234 104 0.861859
234 203 0.859698
234 48 0.859291
234 217 0.859142
234 60 0.859109
234 70 0.858845
234 61 0.858388
234 67 0.858340
234 241 0.858180
235 213 0.846894
235 104 0.843275
235 63 0.843122
235 136 0.842372
235 157 0.841776
235 186 0.841513
235 180 0.841134
235 241 0.841068
235 14 0.840994
235 97 0.840914
236 213 0.849809
236 104 0.847262
236 60 0.846030
236 48 0.845493
236 114 0.844923
236 97 0.844692
236 61 0.843943
236 14 0.843582
236 203 0.843553
236 254 0.843395
237 213 0.858826
237 136 0.856719
237 203 0.855452
237 104 0.854295
237 14 0.853896
237 60 0.853884
237 217 0.853851
237 180 0.853388
237 31 0.853331
237 93 0.853248
238 60 0.853030
238 213 0.851541
238 6 0.850542
238 114 0.850363
238 203 0.850172
238 136 0.849903
238 104 0.849784
238 217 0.849257
238 70 0.848931
238 156 0.848900
239 213 0.855129
239 254 0.850600
239 97 0.850523
239 177 0.850162
239 104 0.849378
239 136 0.849191
239 241 0.849114
239 48 0.849067
239 157 0.848934
239 217 0.848630
240 213 0.846726
240 104 0.845449
240 217 0.845386
240 136 0.844021
240 123 0.843914
240 31 0.843693
240 135 0.843473
240 67 0.843340
240 166 0.843139
240 157 0.842931
241 213 0.865635
241 104 0.864209
241 97 0.864054
241 60 0.862858
241 177 0.861673
241 203 0.861615
241 142 0.860817
241 14 0.860751
241 70 0.859989
241 63 0.859583
242 104 0.860781
242 213 0.859635
242 241 0.858152
242 60 0.857897
242 203 0.857302
242 177 0.856057
242 97 0.855992
242 63 0.855792
242 136 0.855677
242 217 0.855561
243 157 0.845565
243 213 0.845441
243 104 0.845305
243 67 0.844315
243 14 0.843814
243 217 0.843400
243 60 0.843329
243 166 0.842230
243 247 0.842229
243 234 0.842000
244 213 0.855553
244 97 0.854861
244 241 0.853745
244 177 0.852631
244 14 0.851862
244 63 0.851853
244 254 0.851848
244 61 0.851803
244 104 0.851674
244 135 0.851620
245 213 0.854552
245 104 0.852608
245 203 0.851321
245 60 0.851058
245 48 0.850824
245 217 0.850772
245 6 0.849833
245 136 0.849590
245 70 0.849288
245 234 0.849062
246 213 0.843640
246 62 0.841104
246 217 0.841046
246 76 0.840059
246 186 0.839167
246 100 0.839131
246 104 0.839074
246 247 0.838956
246 142 0.838867
246 107 0.838861
247 136 0.861007
247 213 0.860983
247 104 0.859813
247 166 0.859726
247 76 0.859271
247 203 0.858595
247 217 0.858463
247 67 0.858330
247 70 0.858151
247 6 0.857992
248 213 0.854923
248 104 0.854652
248 177 0.853095
248 170 0.852783
248 156 0.852120
248 135 0.852107
248 97 0.851782
248 48 0.851085
248 203 0.850891
248 60 0.850740
249 67 0.849440
249 213 0.847969
249 217 0.846689
249 177 0.846214
249 61 0.846170
249 60 0.846167
249 17 0.846018
249 48 0.845852
249 160 0.845803
249 234 0.845712
250 123 0.854205
250 213 0.854027
250 136 0.853240
250 60 0.853093
250 71 0.852017
250 104 0.851582
250 203 0.851505
250 217 0.851350
250 14 0.851037
250 177 0.850927
251 213 0.851587
251 136 0.850383
251 104 0.849856
251 247 0.849229
251 97 0.848726
251 203 0.848472
251 48 0.848370
251 60 0.848292
251 166 0.848205
251 70 0.848039
252 213 0.855389
252 60 0.854583
252 104 0.853189
252 106 0.852101
252 67 0.851772
252 217 0.851489
252 254 0.850950
252 97 0.850677
252 136 0.850566
252 203 0.850532
253 247 0.841919
253 123 0.841735
253 166 0.841243
253 136 0.841034
253 60 0.840104
253 157 0.839924
253 146 0.839385
253 156 0.839297
253 67 0.839151
253 48 0.838764
254 213 0.865044
254 97 0.861599
254 104 0.861541
254 14 0.858727
254 241 0.858530
254 48 0.858415
254 142 0.858279
254 93 0.858096
254 217 0.858086
254 233 0.858036
255 104 0.850197
255 213 0.849576
255 60 0.849471
255 136 0.848513
255 156 0.847651
255 217 0.847491
255 203 0.847332
255 132 0.847117
255 67 0.847043
255 166 0.846889
