0 175 0.861979
0 76 0.860604
0 63 0.859745
0 230 0.859393
0 12 0.858503
0 2 0.858274
0 147 0.858182
0 225 0.857951
0 101 0.857394
0 113 0.856991
1 128 0.855539
1 225 0.854972
1 175 0.854873
1 6 0.854747
1 12 0.853450
1 113 0.853205
1 249 0.852386
1 76 0.852235
1 126 0.851192
1 92 0.851046
2 76 0.869153
2 175 0.868999
2 147 0.868888
2 113 0.868224
2 128 0.867677
2 6 0.866732
2 234 0.866641
2 225 0.864823
2 63 0.864716
2 12 0.864632
3 56 0.857324
3 128 0.857284
3 225 0.857159
3 12 0.856560
3 175 0.855157
3 147 0.854450
3 6 0.854348
3 201 0.854061
3 139 0.853417
3 113 0.853317
4 123 0.832501
4 126 0.831437
4 116 0.830842
4 164 0.830612
4 202 0.830409
4 230 0.830114
4 35 0.829950
4 46 0.829888
4 25 0.829729
4 128 0.829620
5 178 0.856836
5 234 0.847917
5 225 0.846980
5 17 0.846540
5 175 0.845932
5 6 0.845706
5 12 0.845508
5 232 0.843576
5 57 0.843036
5 115 0.842474
6 175 0.869475
6 76 0.869389
6 128 0.868973
6 225 0.868836
6 147 0.868399
6 113 0.867669
6 12 0.867236
6 234 0.867182
6 2 0.866732
6 63 0.865371
7 175 0.851420
7 225 0.850653
7 113 0.848914
7 25 0.848221
7 80 0.848169
7 12 0.848040
7 76 0.847896
7 128 0.847614
7 126 0.847247
7 246 0.847208
8 113 0.868253
8 175 0.867103
8 147 0.866080
8 128 0.865752
8 230 0.864527
8 12 0.863944
8 225 0.863880
8 76 0.863678
8 6 0.863349
8 234 0.862826
9 2 0.854515
9 6 0.853606
9 76 0.852688
9 52 0.850642
9 80 0.850592
9 147 0.850215
9 179 0.849940
9 82 0.849669
9 234 0.849284
9 154 0.848928
10 63 0.860694
10 139 0.860287
10 175 0.860082
10 62 0.859985
10 12 0.859647
10 225 0.859288
10 113 0.859252
10 147 0.859010
10 249 0.858057
10 76 0.858005
11 175 0.853884
11 154 0.853532
11 80 0.852421
11 225 0.852333
11 128 0.852177
11 76 0.851533
11 63 0.851528
11 147 0.851471
11 24 0.850614
11 204 0.850550
12 175 0.875999
12 225 0.875398
12 128 0.873470
12 92 0.871502
12 63 0.871209
12 113 0.870628
12 249 0.868970
12 139 0.867906
12 126 0.867726
12 76 0.867513
13 175 0.858662
13 113 0.858395
13 147 0.856512
13 76 0.856275
13 230 0.856127
13 139 0.854848
13 62 0.854690
13 12 0.853795
13 80 0.853418
13 82 0.853311
14 104 0.836881
14 76 0.834905
14 89 0.834444
14 82 0.833754
14 139 0.833322
14 175 0.833166
14 62 0.833106
14 48 0.833040
14 99 0.832895
14 212 0.832718
15 175 0.859287
15 225 0.858103
15 139 0.857446
15 147 0.857042
15 12 0.856831
15 80 0.856643
15 92 0.856439
15 230 0.856392
15 113 0.856085
15 201 0.856021
16 113 0.848464
16 142 0.847319
16 165 0.846771
16 82 0.845995
16 6 0.845965
16 147 0.845834
16 194 0.845697
16 80 0.845176
16 76 0.844950
16 201 0.844459
17 63 0.863548
17 225 0.862790
17 175 0.862093
17 128 0.861966
17 12 0.861700
17 234 0.861675
17 113 0.859587
17 230 0.857653
17 178 0.857546
17 147 0.857399
18 231 0.845199
18 10 0.843369
18 62 0.840592
18 50 0.840263
18 104 0.839250
18 28 0.838961
18 208 0.838218
18 226 0.838120
18 75 0.837236
18 249 0.836579
19 76 0.856771
19 113 0.856691
19 249 0.855877
19 175 0.855828
19 147 0.855231
19 46 0.855056
19 80 0.853642
19 230 0.853289
19 12 0.853252
19 128 0.852959
20 113 0.857724
20 76 0.856948
20 62 0.854967
20 175 0.853827
20 6 0.853442
20 149 0.853064
20 208 0.852913
20 22 0.852721
20 12 0.852536
20 187 0.852158
21 128 0.857668
21 113 0.854635
21 225 0.853769
21 202 0.852921
21 115 0.852788
21 230 0.852683
21 175 0.852130
21 234 0.851488
21 76 0.851026
21 12 0.850691
22 175 0.861338
22 113 0.860424
22 76 0.860203
22 128 0.860021
22 6 0.859115
22 244 0.858137
22 12 0.858109
22 147 0.857796
22 126 0.857455
22 80 0.857334
23 234 0.858145
23 128 0.857078
23 147 0.857023
23 225 0.856070
23 56 0.855989
23 230 0.855762
23 12 0.855361
23 113 0.855219
23 126 0.854654
23 175 0.854566
24 128 0.865052
24 56 0.864237
24 147 0.863631
24 80 0.862536
24 6 0.862471
24 225 0.862243
24 113 0.862197
24 175 0.862036
24 234 0.861470
24 244 0.860901
25 175 0.867853
25 113 0.867413
25 225 0.866189
25 176 0.865252
25 128 0.864447
25 230 0.864015
25 246 0.863543
25 147 0.862940
25 80 0.862763
25 249 0.862323
26 175 0.853594
26 6 0.853495
26 128 0.852519
26 113 0.852270
26 249 0.851852
26 147 0.851557
26 76 0.850662
26 225 0.850662
26 194 0.849653
26 35 0.849653
27 175 0.861124
27 139 0.860925
27 230 0.860305
27 225 0.860028
27 147 0.859369
27 128 0.859363
27 76 0.859328
27 63 0.858988
27 56 0.858652
27 12 0.858630
28 175 0.854453
28 50 0.854303
28 246 0.853092
28 230 0.852499
28 80 0.852313
28 12 0.852118
28 76 0.851801
28 62 0.851778
28 249 0.851617
28 208 0.851611
29 113 0.858845
29 147 0.856525
29 175 0.854836
29 128 0.853773
29 6 0.853710
29 8 0.853663
29 225 0.853418
29 230 0.853021
29 80 0.852555
29 76 0.852398
30 92 0.858893
30 225 0.858667
30 175 0.858128
30 113 0.857738
30 12 0.857342
30 80 0.856544
30 201 0.856128
30 139 0.856077
30 60 0.855843
30 128 0.855697
31 113 0.852311
31 147 0.847280
31 60 0.846070
31 25 0.843045
31 175 0.842929
31 176 0.842913
31 126 0.842656
31 76 0.841813
31 42 0.841374
31 98 0.841245
32 113 0.856910
32 139 0.855539
32 56 0.855343
32 230 0.855129
32 62 0.855100
32 225 0.854541
32 128 0.854509
32 147 0.854098
32 76 0.854053
32 12 0.853744
33 113 0.858586
33 147 0.857813
33 80 0.856953
33 115 0.855247
33 128 0.855188
33 56 0.854649
33 175 0.854402
33 2 0.854127
33 225 0.854033
33 176 0.853833
34 113 0.852207
34 225 0.851900
34 175 0.851855
34 6 0.850329
34 2 0.849901
34 128 0.849638
34 35 0.849618
34 147 0.849018
34 154 0.848135
34 76 0.847619
35 175 0.866549
35 225 0.864695
35 113 0.863349
35 147 0.862801
35 126 0.862581
35 128 0.862485
35 12 0.862266
35 234 0.861400
35 249 0.861073
35 230 0.860997
36 63 0.849990
36 12 0.849605
36 135 0.849128
36 123 0.848495
36 126 0.847869
36 225 0.847330
36 128 0.847218
36 76 0.846456
36 244 0.845965
36 46 0.845443
37 175 0.858528
37 128 0.856019
37 147 0.855967
37 225 0.855763
37 8 0.855025
37 230 0.854892
37 207 0.854691
37 113 0.854691
37 234 0.854433
37 83 0.854355
38 175 0.862478
38 76 0.860700
38 147 0.860165
38 230 0.859972
38 2 0.858313
38 80 0.857616
38 113 0.857247
38 115 0.856573
38 232 0.856508
38 63 0.856062
39 76 0.846178
39 249 0.845839
39 208 0.845164
39 126 0.844328
39 230 0.844228
39 6 0.843971
39 80 0.843895
39 113 0.843442
39 175 0.843055
39 82 0.842769
40 76 0.862143
40 113 0.861539
40 147 0.861414
40 175 0.859766
40 234 0.859669
40 63 0.859637
40 2 0.859614
40 128 0.859526
40 6 0.859206
40 225 0.858846
41 175 0.859209
41 76 0.855240
41 12 0.854936
41 230 0.854563
41 225 0.853798
41 92 0.851714
41 147 0.851254
41 139 0.851195
41 128 0.851078
41 8 0.850877
42 113 0.863247
42 175 0.860797
42 121 0.855894
42 128 0.855804
42 176 0.855650
42 225 0.855620
42 187 0.855119
42 139 0.854967
42 12 0.854739
42 2 0.853753
43 128 0.857579
43 175 0.856641
43 147 0.855811
43 113 0.855544
43 225 0.854489
43 2 0.852927
43 76 0.852865
43 139 0.852785
43 6 0.852714
43 12 0.852604
44 113 0.864348
44 128 0.862079
44 175 0.860381
44 76 0.859984
44 225 0.859730
44 6 0.858791
44 2 0.858515
44 147 0.857786
44 62 0.857613
44 115 0.857572
45 175 0.857427
45 225 0.856954
45 25 0.855646
45 35 0.855083
45 128 0.854557
45 230 0.854107
45 126 0.854035
45 12 0.853291
45 249 0.852986
45 246 0.852102
46 12 0.862270
46 175 0.861515
46 113 0.861204
46 128 0.859587
46 76 0.859277
46 80 0.859120
46 225 0.858819
46 230 0.858773
46 147 0.857956
46 249 0.857590
47 154 0.841103
47 208 0.838043
47 63 0.836171
47 50 0.835432
47 126 0.835268
47 76 0.835039
47 139 0.834528
47 2 0.834388
47 142 0.833944
47 147 0.833799
48 175 0.852489
48 249 0.850503
48 76 0.850363
48 147 0.849482
48 89 0.849449
48 217 0.849252
48 99 0.848495
48 104 0.848450
48 128 0.848035
48 230 0.847758
49 128 0.851751
49 113 0.850779
49 76 0.849528
49 225 0.849499
49 147 0.849347
49 230 0.848987
49 6 0.848837
49 175 0.848720
49 80 0.848285
49 56 0.848236
50 175 0.860353
50 163 0.860143
50 147 0.859495
50 63 0.858944
50 139 0.858771
50 12 0.858725
50 230 0.858512
50 76 0.857935
50 8 0.856898
50 128 0.856372
51 128 0.849521
51 113 0.846974
51 147 0.846515
51 24 0.846179
51 175 0.845923
51 6 0.844657
51 225 0.844177
51 63 0.844124
51 115 0.843969
51 76 0.843929
52 147 0.862338
52 6 0.862311
52 175 0.861468
52 113 0.861448
52 76 0.861068
52 128 0.860940
52 2 0.859344
52 225 0.859169
52 126 0.859036
52 139 0.858981
53 113 0.856635
53 128 0.854389
53 225 0.854344
53 230 0.853337
53 147 0.853186
53 12 0.852876
53 80 0.851887
53 175 0.851803
53 56 0.850646
53 148 0.850606
54 76 0.862084
54 147 0.860805
54 113 0.859985
54 2 0.859419
54 230 0.858821
54 63 0.858597
54 128 0.858162
54 80 0.857163
54 234 0.856732
54 175 0.856560
55 113 0.852657
55 175 0.850665
55 225 0.848757
55 126 0.848649
55 12 0.848578
55 42 0.848351
55 35 0.847965
55 56 0.847848
55 124 0.847697
55 230 0.847637
56 225 0.866630
56 128 0.865825
56 234 0.865522
56 147 0.865517
56 12 0.864824
56 113 0.864642
56 24 0.864237
56 175 0.863776
56 139 0.862363
56 230 0.862155
57 178 0.855256
57 80 0.853605
57 76 0.852737
57 234 0.852604
57 12 0.852453
57 6 0.852190
57 230 0.852129
57 225 0.852015
57 2 0.851667
57 128 0.851480
58 113 0.861138
58 175 0.859242
58 128 0.858203
58 147 0.857856
58 6 0.857393
58 234 0.857029
58 2 0.856918
58 76 0.856261
58 8 0.855700
58 60 0.855084
59 175 0.860226
59 225 0.859060
59 113 0.859001
59 234 0.858460
59 128 0.857888
59 12 0.857086
59 6 0.856142
59 2 0.855726
59 147 0.855509
59 194 0.855059
60 113 0.868669
60 147 0.862518
60 128 0.861780
60 234 0.861039
60 6 0.860601
60 225 0.860593
60 56 0.860175
60 24 0.859692
60 175 0.859640
60 8 0.859564
61 175 0.865380
61 147 0.865268
61 128 0.862903
61 225 0.862530
61 234 0.862381
61 76 0.861978
61 6 0.861501
61 113 0.861345
61 12 0.861235
61 194 0.860687
62 113 0.866730
62 76 0.864100
62 139 0.863478
62 175 0.863007
62 12 0.862378
62 63 0.862070
62 6 0.861796
62 176 0.861781
62 225 0.861688
62 128 0.861567
63 175 0.872785
63 12 0.871209
63 76 0.871086
63 128 0.869825
63 225 0.868723
63 92 0.867516
63 244 0.865923
63 139 0.865767
63 126 0.865589
63 6 0.865371
64 234 0.864956
64 225 0.863733
64 128 0.862679
64 80 0.862611
64 147 0.862589
64 230 0.862148
64 6 0.861582
64 175 0.861549
64 113 0.861300
64 76 0.860285
65 147 0.845450
65 85 0.845078
65 99 0.844861
65 234 0.844747
65 194 0.844131
65 225 0.843688
65 6 0.843673
65 163 0.843543
65 175 0.843306
65 76 0.843305
66 113 0.862369
66 76 0.860757
66 175 0.859868
66 12 0.858734
66 6 0.858486
66 63 0.858147
66 128 0.857497
66 147 0.856928
66 225 0.856599
66 187 0.856320
67 76 0.838262
67 208 0.837459
67 63 0.836045
67 126 0.835993
67 188 0.834771
67 96 0.834571
67 6 0.834308
67 242 0.834081
67 148 0.833965
67 123 0.833581
68 76 0.846700
68 6 0.844806
68 63 0.844746
68 62 0.844721
68 249 0.844375
68 208 0.843743
68 175 0.843567
68 99 0.843462
68 225 0.843055
68 12 0.842285
69 182 0.839968
69 76 0.839885
69 113 0.839013
69 206 0.838982
69 176 0.838424
69 115 0.838338
69 174 0.838226
69 45 0.838107
69 101 0.837571
69 104 0.837530
70 175 0.854354
70 225 0.853985
70 128 0.853233
70 113 0.850355
70 6 0.848918
70 12 0.848876
70 234 0.848816
70 92 0.848495
70 201 0.848367
70 230 0.848261
71 76 0.856263
71 147 0.854012
71 175 0.853616
71 63 0.851948
71 6 0.851603
71 82 0.850890
71 230 0.850778
71 194 0.850713
71 52 0.850500
71 139 0.850155
72 175 0.857761
72 76 0.857704
72 147 0.857673
72 230 0.857377
72 2 0.855443
72 113 0.855397
72 99 0.855079
72 6 0.854809
72 0 0.854665
72 234 0.854491
73 234 0.858567
73 230 0.858455
73 225 0.856809
73 147 0.856671
73 128 0.855560
73 80 0.855468
73 175 0.855272
73 76 0.855109
73 12 0.854989
73 126 0.854121
74 113 0.861719
74 147 0.860973
74 2 0.860164
74 175 0.859329
74 6 0.858974
74 154 0.858973
74 225 0.858816
74 234 0.858047
74 80 0.857819
74 76 0.857501
75 208 0.851278
75 76 0.851140
75 99 0.851028
75 176 0.850439
75 80 0.850169
75 12 0.850161
75 217 0.849992
75 225 0.849955
75 25 0.849932
75 175 0.849619
76 63 0.871086
76 175 0.870552
76 147 0.870261
76 6 0.869389
76 2 0.869153
76 230 0.868581
76 113 0.868132
76 128 0.868011
76 12 0.867514
76 80 0.866784
77 76 0.857446
77 175 0.856506
77 147 0.856024
77 230 0.855518
77 80 0.855229
77 194 0.854737
77 6 0.854136
77 249 0.854067
77 2 0.853955
77 142 0.853663
78 175 0.861175
78 147 0.857315
78 225 0.857201
78 76 0.857190
78 80 0.856772
78 230 0.856381
78 128 0.856049
78 113 0.855963
78 217 0.855430
78 249 0.854964
79 113 0.859670
79 230 0.855507
79 176 0.855409
79 175 0.855133
79 27 0.854948
79 80 0.854133
79 128 0.854050
79 225 0.853895
79 139 0.853678
79 8 0.852963
80 230 0.870192
80 175 0.867195
80 113 0.867177
80 76 0.866784
80 147 0.866221
80 225 0.865529
80 128 0.864825
80 6 0.864407
80 12 0.864199
80 234 0.863780
81 76 0.859227
81 147 0.858403
81 80 0.858387
81 230 0.858153
81 175 0.858032
81 113 0.857861
81 234 0.857359
81 6 0.856340
81 2 0.855543
81 225 0.854834
82 175 0.866097
82 76 0.865763
82 147 0.865127
82 113 0.864336
82 6 0.863932
82 80 0.863657
82 139 0.863497
82 225 0.862473
82 12 0.862215
82 128 0.862027
83 175 0.861182
83 126 0.860961
83 225 0.860631
83 6 0.859806
83 234 0.859308
83 128 0.858713
83 181 0.858493
83 12 0.858132
83 194 0.857836
83 147 0.857560
84 63 0.857511
84 175 0.856108
84 76 0.854919
84 225 0.853689
84 249 0.853169
84 6 0.852975
84 244 0.852364
84 12 0.852196
84 128 0.852185
84 147 0.852127
85 147 0.860273
85 234 0.860227
85 128 0.860203
85 225 0.859721
85 175 0.859459
85 25 0.857752
85 113 0.855729
85 76 0.855537
85 6 0.855530
85 230 0.854871
86 175 0.858943
86 225 0.857671
86 76 0.856533
86 230 0.856474
86 80 0.856455
86 139 0.856241
86 92 0.856068
86 147 0.855985
86 128 0.855860
86 82 0.855458
87 230 0.860574
87 175 0.860315
87 249 0.860160
87 225 0.859835
87 113 0.859300
87 80 0.859075
87 12 0.858486
87 147 0.858328
87 6 0.858235
87 202 0.857517
88 12 0.854710
88 225 0.851133
88 63 0.850819
88 128 0.850353
88 175 0.849596
88 113 0.849375
88 17 0.849200
88 124 0.848852
88 46 0.848590
88 139 0.848436
89 175 0.859717
89 147 0.858445
89 12 0.857134
89 76 0.857054
89 230 0.856785
89 249 0.856560
89 194 0.856209
89 139 0.855808
89 46 0.855345
89 113 0.855301
90 178 0.845636
90 201 0.845426
90 147 0.844671
90 119 0.844199
90 217 0.843601
90 230 0.843240
90 30 0.843041
90 8 0.843031
90 234 0.842945
90 175 0.842877
91 76 0.855169
91 12 0.854487
91 175 0.853811
91 154 0.852916
91 2 0.852838
91 46 0.852755
91 113 0.852428
91 208 0.852307
91 128 0.851818
91 63 0.851520
92 175 0.873835
92 12 0.871502
92 225 0.870858
92 128 0.869142
92 63 0.867516
92 249 0.864991
92 126 0.864894
92 139 0.863790
92 113 0.863592
92 6 0.863328
93 128 0.855370
93 225 0.852041
93 234 0.851950
93 63 0.850262
93 6 0.849923
93 175 0.849450
93 126 0.848766
93 230 0.848657
93 123 0.848302
93 168 0.847936
94 99 0.856662
94 128 0.856197
94 234 0.856195
94 175 0.855740
94 225 0.855291
94 76 0.855067
94 113 0.854820
94 147 0.854817
94 230 0.854354
94 12 0.853940
95 202 0.843502
95 12 0.842885
95 46 0.842824
95 225 0.842752
95 113 0.842545
95 194 0.842492
95 249 0.841980
95 148 0.841598
95 175 0.841514
95 123 0.841282
96 208 0.855630
96 63 0.855095
96 249 0.852970
96 188 0.852774
96 175 0.852635
96 141 0.851628
96 76 0.851426
96 126 0.851375
96 80 0.850816
96 113 0.850715
97 225 0.856757
97 147 0.856667
97 76 0.855639
97 128 0.855398
97 175 0.854734
97 113 0.854466
97 234 0.854377
97 6 0.853422
97 230 0.852695
97 142 0.851156
98 175 0.859305
98 113 0.859138
98 147 0.857158
98 128 0.856880
98 230 0.855545
98 76 0.855497
98 139 0.854334
98 80 0.854002
98 225 0.853907
98 82 0.853664
99 76 0.864319
99 175 0.863410
99 12 0.862426
99 225 0.861972
99 6 0.861963
99 234 0.861921
99 63 0.861167
99 128 0.861002
99 147 0.860962
99 194 0.860810
100 147 0.858243
100 76 0.857895
100 230 0.856824
100 113 0.856701
100 63 0.856679
100 139 0.855703
100 128 0.855426
100 175 0.855413
100 225 0.854697
100 12 0.854555
101 175 0.870298
101 128 0.868329
101 113 0.867609
101 12 0.866846
101 225 0.865723
101 63 0.865243
101 76 0.864125
101 147 0.862887
101 2 0.862800
101 139 0.861926
102 76 0.839666
102 230 0.837867
102 175 0.837337
102 147 0.837179
102 123 0.836560
102 72 0.836444
102 71 0.835958
102 38 0.835691
102 189 0.835259
102 6 0.834818
103 147 0.862281
103 113 0.862072
103 230 0.861201
103 139 0.860636
103 175 0.860596
103 128 0.859785
103 76 0.859731
103 2 0.859717
103 63 0.859608
103 12 0.859554
104 175 0.862379
104 12 0.861633
104 62 0.861456
104 63 0.861128
104 76 0.860988
104 113 0.860914
104 128 0.860522
104 92 0.859823
104 139 0.859444
104 225 0.859323
105 76 0.850390
105 175 0.846560
105 63 0.846494
105 225 0.846125
105 6 0.845948
105 128 0.845902
105 123 0.845628
105 104 0.845239
105 147 0.845147
105 62 0.844281
106 225 0.852970
106 175 0.851746
106 128 0.849979
106 126 0.849697
106 234 0.848414
106 168 0.848349
106 92 0.847845
106 35 0.847501
106 166 0.847291
106 6 0.847062
107 60 0.845341
107 113 0.845129
107 123 0.844334
107 164 0.841154
107 128 0.840559
107 62 0.840196
107 225 0.839673
107 126 0.839625
107 22 0.839551
107 207 0.839428
108 175 0.857154
108 249 0.853770
108 12 0.853600
108 194 0.853311
108 128 0.853287
108 202 0.852409
108 63 0.852230
108 147 0.852212
108 92 0.852122
108 113 0.851957
109 154 0.851709
109 206 0.849917
109 208 0.849550
109 128 0.849535
109 225 0.848898
109 113 0.848882
109 80 0.848823
109 226 0.848767
109 174 0.848516
109 191 0.847503
110 113 0.848625
110 76 0.847352
110 175 0.847153
110 187 0.846033
110 2 0.845445
110 20 0.844133
110 66 0.843919
110 6 0.843866
110 82 0.843425
110 13 0.843420
111 178 0.852013
111 62 0.844003
111 76 0.843360
111 6 0.843211
111 175 0.843189
111 154 0.843087
111 17 0.842802
111 232 0.842778
111 12 0.842642
111 63 0.842425
112 147 0.858034
112 80 0.858006
112 230 0.857928
112 128 0.856374
112 76 0.856076
112 234 0.855583
112 175 0.854738
112 113 0.853700
112 139 0.853661
112 12 0.853397
113 175 0.872954
113 128 0.871922
113 12 0.870628
113 147 0.870620
113 225 0.870577
113 176 0.868724
113 60 0.868669
113 8 0.868253
113 2 0.868224
113 76 0.868132
114 38 0.847375
114 175 0.847298
114 147 0.846485
114 232 0.845271
114 230 0.844877
114 35 0.844795
114 0 0.844676
114 139 0.844523
114 115 0.843977
114 45 0.843433
115 128 0.863795
115 234 0.863641
115 2 0.863088
115 175 0.862965
115 147 0.862590
115 113 0.862187
115 225 0.862115
115 230 0.861457
115 76 0.861164
115 56 0.861080
116 76 0.857412
116 230 0.857183
116 175 0.856964
116 147 0.856476
116 113 0.855379
116 63 0.854889
116 38 0.854664
116 101 0.854631
116 139 0.854612
116 128 0.854253
117 25 0.854467
117 175 0.853181
117 225 0.852159
117 113 0.851784
117 126 0.851626
117 176 0.851278
117 76 0.851273
117 128 0.851175
117 6 0.850397
117 139 0.850062
118 113 0.841493
118 226 0.840881
118 147 0.839956
118 76 0.839508
118 182 0.839425
118 148 0.839401
118 154 0.838308
118 104 0.837315
118 50 0.837307
118 128 0.837277
119 234 0.865162
119 225 0.864270
119 175 0.863763
119 128 0.863571
119 147 0.861368
119 63 0.859877
119 232 0.859438
119 230 0.859414
119 64 0.858470
119 115 0.857989
120 175 0.861663
120 225 0.859519
120 12 0.858256
120 154 0.857659
120 128 0.856930
120 63 0.856885
120 147 0.856085
120 76 0.855660
120 6 0.855055
120 234 0.855019
121 175 0.864673
121 128 0.863941
121 113 0.863773
121 225 0.861300
121 2 0.859433
121 230 0.858698
121 80 0.858698
121 139 0.858207
121 92 0.858164
121 12 0.858132
122 234 0.856803
122 113 0.853962
122 128 0.853743
122 147 0.852581
122 60 0.852368
122 248 0.852273
122 202 0.852123
122 225 0.851998
122 230 0.851991
122 201 0.851852
123 225 0.861756
123 128 0.861101
123 175 0.860693
123 12 0.858337
123 230 0.858173
123 76 0.858113
123 207 0.857805
123 126 0.857788
123 80 0.857667
123 139 0.857626
124 175 0.865073
124 230 0.863699
124 225 0.863522
124 113 0.863280
124 12 0.863030
124 128 0.862413
124 80 0.860041
124 126 0.859708
124 139 0.859667
124 63 0.859601
125 113 0.855675
125 175 0.855420
125 225 0.854018
125 128 0.853316
125 147 0.852728
125 12 0.852341
125 63 0.851837
125 6 0.851148
125 76 0.850936
125 92 0.850917
126 175 0.868875
126 225 0.868260
126 12 0.867726
126 128 0.866817
126 113 0.865589
126 63 0.865589
126 249 0.865000
126 92 0.864894
126 234 0.863719
126 139 0.863658
127 62 0.838551
127 104 0.836001
127 86 0.835325
127 175 0.834612
127 225 0.833650
127 76 0.833643
127 232 0.833583
127 128 0.833289
127 27 0.832832
127 227 0.832766
128 175 0.876628
128 225 0.876286
128 12 0.873470
128 113 0.871922
128 234 0.869842
128 63 0.869825
128 147 0.869669
128 92 0.869142
128 6 0.868973
128 101 0.868329
129 225 0.861478
129 175 0.860010
129 147 0.859778
129 230 0.858703
129 128 0.858545
129 234 0.858342
129 178 0.857907
129 113 0.856238
129 56 0.855527
129 80 0.854970
130 234 0.851602
130 2 0.850518
130 56 0.850137
130 113 0.849794
130 225 0.849677
130 252 0.849613
130 80 0.849097
130 128 0.848623
130 147 0.848548
130 204 0.848258
131 175 0.860765
131 225 0.860697
131 128 0.859498
131 113 0.859496
131 12 0.857979
131 2 0.857639
131 147 0.857571
131 230 0.857493
131 76 0.856496
131 234 0.856262
132 225 0.838848
132 80 0.835950
132 113 0.835721
132 56 0.835262
132 128 0.835213
132 6 0.834927
132 62 0.834217
132 230 0.833812
132 12 0.833227
132 175 0.833214
133 147 0.854044
133 113 0.851564
133 80 0.851047
133 175 0.851000
133 230 0.850967
133 139 0.850877
133 56 0.850827
133 76 0.850210
133 225 0.850206
133 2 0.850186
134 26 0.848089
134 45 0.847559
134 248 0.844220
134 247 0.843356
134 175 0.842376
134 23 0.842121
134 35 0.842079
134 128 0.842002
134 46 0.841971
134 114 0.841271
135 128 0.861210
135 225 0.860525
135 12 0.860022
135 175 0.858460
135 249 0.857371
135 147 0.856520
135 63 0.856240
135 6 0.855871
135 113 0.855869
135 234 0.855847
136 234 0.852211
136 225 0.851894
136 115 0.851573
136 80 0.850382
136 25 0.849642
136 35 0.849586
136 232 0.849567
136 175 0.849512
136 154 0.848834
136 230 0.848768
137 126 0.839153
137 208 0.837695
137 250 0.836935
137 154 0.836296
137 175 0.836201
137 76 0.835744
137 128 0.835681
137 225 0.835155
137 104 0.834940
137 184 0.834868
138 128 0.851707
138 175 0.850329
138 113 0.850063
138 225 0.849029
138 25 0.846929
138 217 0.846723
138 12 0.846620
138 99 0.846090
138 56 0.845783
138 76 0.845084
139 175 0.868629
139 12 0.867906
139 225 0.866775
139 113 0.866722
139 128 0.865904
139 63 0.865767
139 147 0.865507
139 230 0.865094
139 76 0.864588
139 249 0.864313
140 113 0.846996
140 225 0.846760
140 126 0.846702
140 142 0.846167
140 230 0.846120
140 128 0.845905
140 12 0.845829
140 208 0.845532
140 139 0.845200
140 8 0.845046
141 175 0.859523
141 6 0.857956
141 249 0.857578
141 225 0.857573
141 80 0.856873
141 139 0.856652
141 126 0.856636
141 113 0.856103
141 63 0.856101
141 92 0.855971
142 225 0.864723
142 147 0.864613
142 175 0.864438
142 12 0.863113
142 76 0.862950
142 6 0.862508
142 113 0.862490
142 249 0.862487
142 154 0.861891
142 230 0.861583
143 147 0.853322
143 175 0.852064
143 6 0.851513
143 76 0.851479
143 99 0.850269
143 63 0.849782
143 113 0.849588
143 119 0.849540
143 225 0.849371
143 249 0.849280
144 175 0.849971
144 147 0.849223
144 128 0.848157
144 115 0.847934
144 2 0.847760
144 153 0.846877
144 35 0.846824
144 113 0.846782
144 225 0.846635
144 24 0.845920
145 128 0.854899
145 147 0.852717
145 230 0.852517
145 113 0.852292
145 56 0.851494
145 175 0.851396
145 76 0.851129
145 225 0.850966
145 25 0.850671
145 234 0.849953
146 63 0.852561
146 113 0.851624
146 126 0.851185
146 12 0.850830
146 76 0.850368
146 62 0.850345
146 104 0.850118
146 8 0.850031
146 175 0.849912
146 225 0.849723
147 175 0.870639
147 113 0.870620
147 76 0.870261
147 128 0.869669
147 234 0.869130
147 2 0.868888
147 6 0.868400
147 230 0.867825
147 225 0.867356
147 80 0.866221
148 225 0.863812
148 12 0.863126
148 147 0.862350
148 113 0.862127
148 175 0.861951
148 128 0.861683
148 6 0.861090
148 126 0.860974
148 234 0.860765
148 76 0.860681
149 76 0.861822
149 113 0.860179
149 175 0.860100
149 63 0.859629
149 176 0.858417
149 2 0.856864
149 147 0.855836
149 6 0.855601
149 139 0.855294
149 128 0.855083
150 225 0.856455
150 175 0.855673
150 25 0.854854
150 113 0.854766
150 12 0.853710
150 234 0.852684
150 126 0.852488
150 128 0.851619
150 35 0.851602
150 249 0.851561
151 225 0.844588
151 123 0.844052
151 128 0.843301
151 175 0.843046
151 126 0.842907
151 113 0.842395
151 148 0.842328
151 249 0.841978
151 230 0.841826
151 168 0.841777
152 234 0.850583
152 126 0.849546
152 128 0.848368
152 225 0.847461
152 207 0.847158
152 23 0.846617
152 122 0.846227
152 147 0.845859
152 201 0.845159
152 61 0.845035
153 175 0.859681
153 225 0.858883
153 128 0.858415
153 113 0.857699
153 147 0.857435
153 234 0.856159
153 230 0.855605
153 35 0.855328
153 6 0.853610
153 12 0.853547
154 63 0.864563
154 225 0.863759
154 12 0.863008
154 208 0.862453
154 175 0.862220
154 142 0.861891
154 2 0.861835
154 76 0.861605
154 6 0.861414
154 147 0.861042
155 113 0.856302
155 12 0.855461
155 126 0.853944
155 128 0.853038
155 92 0.852040
155 225 0.851813
155 46 0.850661
155 249 0.850532
155 139 0.849413
155 175 0.849307
156 76 0.856261
156 175 0.853675
156 113 0.853635
156 147 0.851942
156 208 0.851779
156 80 0.850491
156 46 0.850269
156 230 0.850249
156 99 0.849995
156 38 0.849885
157 113 0.853461
157 76 0.849493
157 147 0.849112
157 142 0.848813
157 62 0.848659
157 12 0.847950
157 6 0.847719
157 2 0.847571
157 175 0.847394
157 139 0.847394
158 126 0.845349
158 249 0.844585
158 202 0.843964
158 194 0.843733
158 6 0.843318
158 175 0.843073
158 128 0.843003
158 76 0.842623
158 113 0.842480
158 92 0.842306
159 225 0.843104
159 234 0.841878
159 6 0.840736
159 249 0.840263
159 165 0.840245
159 142 0.839722
159 147 0.839553
159 175 0.839450
159 63 0.838674
159 76 0.838628
160 175 0.850208
160 119 0.849687
160 225 0.848739
160 234 0.848560
160 147 0.846821
160 230 0.846722
160 128 0.846451
160 232 0.846206
160 35 0.846164
160 120 0.845771
161 234 0.852696
161 56 0.852223
161 24 0.851506
161 147 0.851327
161 128 0.850723
161 225 0.848557
161 80 0.848259
161 6 0.848030
161 113 0.847887
161 60 0.847814
162 113 0.853848
162 128 0.851490
162 147 0.851458
162 175 0.850502
162 6 0.850330
162 154 0.849513
162 12 0.849510
162 208 0.849388
162 8 0.849249
162 182 0.849230
163 147 0.864957
163 175 0.864191
163 12 0.862344
163 76 0.862236
163 230 0.861730
163 63 0.861201
163 234 0.861026
163 225 0.860941
163 139 0.860801
163 50 0.860143
164 126 0.854080
164 225 0.853864
164 12 0.853599
164 249 0.853311
164 128 0.851607
164 175 0.851049
164 6 0.850962
164 123 0.850731
164 139 0.850610
164 8 0.850290
165 147 0.863327
165 234 0.862673
165 6 0.862672
165 175 0.861740
165 225 0.861640
165 76 0.860848
165 142 0.860155
165 56 0.859890
165 201 0.859620
165 230 0.859283
166 225 0.860796
166 175 0.860071
166 147 0.860052
166 142 0.858124
166 165 0.858014
166 6 0.857997
166 234 0.857546
166 168 0.857390
166 249 0.856648
166 113 0.856383
167 175 0.852928
167 147 0.849181
167 225 0.848669
167 182 0.848501
167 230 0.848367
167 35 0.848309
167 113 0.848266
167 76 0.848154
167 142 0.848004
167 12 0.847670
168 175 0.868892
168 225 0.868530
168 128 0.866427
168 12 0.864902
168 63 0.864020
168 234 0.863531
168 147 0.862541
168 92 0.861923
168 126 0.861730
168 230 0.861619
169 113 0.851578
169 147 0.850681
169 60 0.850078
169 128 0.849898
169 124 0.849752
169 175 0.849659
169 24 0.849515
169 89 0.849169
169 230 0.848985
169 56 0.848699
170 126 0.846138
170 128 0.844792
170 225 0.844760
170 113 0.844707
170 152 0.844675
170 2 0.844376
170 234 0.842536
170 248 0.841974
170 207 0.841542
170 175 0.841517
171 175 0.854510
171 249 0.854326
171 230 0.853671
171 202 0.853278
171 225 0.852676
171 76 0.852606
171 80 0.852110
171 128 0.850904
171 12 0.850878
171 63 0.850777
172 128 0.858661
172 175 0.857704
172 12 0.857236
172 225 0.857213
172 147 0.856481
172 6 0.856354
172 92 0.855978
172 76 0.855533
172 80 0.855229
172 230 0.854827
173 234 0.826746
173 35 0.826546
173 60 0.826045
173 126 0.825868
173 113 0.824982
173 25 0.824321
173 122 0.824249
173 81 0.824130
173 202 0.823946
173 152 0.823346
174 76 0.855068
174 154 0.855046
174 175 0.854893
174 2 0.854620
174 113 0.853730
174 176 0.853138
174 128 0.852549
174 147 0.852449
174 12 0.852091
174 115 0.852077
175 225 0.877981
175 128 0.876628
175 12 0.875999
175 92 0.873835
175 113 0.872954
175 63 0.872785
175 249 0.872062
175 147 0.870639
175 76 0.870552
175 101 0.870298
176 113 0.868724
176 25 0.865252
176 175 0.864997
176 230 0.864423
176 80 0.862953
176 139 0.862830
176 76 0.862086
176 62 0.861781
176 147 0.861384
176 225 0.860525
177 234 0.853342
177 147 0.851669
177 128 0.851640
177 175 0.850309
177 232 0.850203
177 113 0.849990
177 17 0.849929
177 225 0.849906
177 230 0.849266
177 204 0.848949
178 234 0.861495
178 225 0.860442
178 147 0.859749
178 6 0.859060
178 230 0.858975
178 175 0.858819
178 12 0.858127
178 129 0.857907
178 17 0.857546
178 80 0.857138
179 6 0.858103
179 128 0.855454
179 76 0.855373
179 2 0.855281
179 22 0.854889
179 175 0.854688
179 234 0.854580
179 113 0.854535
179 251 0.854183
179 147 0.854109
180 113 0.844066
180 225 0.843250
180 175 0.843056
180 126 0.842493
180 176 0.841461
180 35 0.841345
180 76 0.841301
180 148 0.840730
180 25 0.839960
180 128 0.839865
181 175 0.864010
181 225 0.862135
181 113 0.861974
181 128 0.861425
181 6 0.860809
181 12 0.859590
181 126 0.859334
181 83 0.858493
181 76 0.858394
181 63 0.858122
182 113 0.863495
182 175 0.863318
182 128 0.863222
182 147 0.862004
182 76 0.861594
182 12 0.861589
182 2 0.861531
182 225 0.860896
182 234 0.859913
182 80 0.859441
183 225 0.858176
183 234 0.856307
183 175 0.854167
183 56 0.853667
183 119 0.853407
183 128 0.853359
183 129 0.852630
183 113 0.852306
183 147 0.851953
183 246 0.851149
184 113 0.858615
184 230 0.857982
184 76 0.857286
184 175 0.857258
184 225 0.856782
184 147 0.856014
184 128 0.855224
184 62 0.855112
184 139 0.854571
184 2 0.853948
185 234 0.849630
185 225 0.848104
185 128 0.848094
185 242 0.847683
185 148 0.847627
185 76 0.847131
185 12 0.847042
185 63 0.846958
185 126 0.846926
185 135 0.846449
186 76 0.854045
186 208 0.853401
186 12 0.852206
186 113 0.851830
186 175 0.851210
186 0 0.851190
186 139 0.850533
186 82 0.849847
186 249 0.849834
186 92 0.849812
187 113 0.864594
187 175 0.862489
187 12 0.859781
187 128 0.858974
187 225 0.858479
187 76 0.857443
187 230 0.857356
187 92 0.857141
187 66 0.856320
187 63 0.856117
188 76 0.855470
188 96 0.852774
188 208 0.851623
188 6 0.851560
188 20 0.851048
188 63 0.850968
188 113 0.850081
188 149 0.850011
188 175 0.849655
188 156 0.849556
189 175 0.861413
189 12 0.859331
189 230 0.858841
189 225 0.858781
189 147 0.858225
189 76 0.857973
189 139 0.856958
189 63 0.856364
189 113 0.856294
189 249 0.856138
190 128 0.840887
190 175 0.840809
190 225 0.840731
190 129 0.839753
190 63 0.836349
190 147 0.836178
190 87 0.836161
190 92 0.836084
190 153 0.835684
190 30 0.835591
191 113 0.861139
191 128 0.858319
191 230 0.856705
191 175 0.855932
191 225 0.855209
191 147 0.855176
191 76 0.854423
191 176 0.854304
191 12 0.854222
191 2 0.854051
192 225 0.847164
192 6 0.846875
192 35 0.843767
192 175 0.843730
192 249 0.843337
192 148 0.843086
192 12 0.842470
192 234 0.842455
192 126 0.842420
192 128 0.842387
193 76 0.861168
193 6 0.860598
193 225 0.859955
193 12 0.858819
193 128 0.858754
193 154 0.858461
193 175 0.858373
193 147 0.858105
193 142 0.857337
193 62 0.857172
194 175 0.867239
194 12 0.865580
194 147 0.865104
194 76 0.864597
194 225 0.863999
194 249 0.863838
194 6 0.863579
194 234 0.863151
194 113 0.862959
194 92 0.862840
195 230 0.841204
195 175 0.841031
195 246 0.840001
195 225 0.839731
195 196 0.839342
195 25 0.839212
195 80 0.838351
195 212 0.838317
195 35 0.837845
195 123 0.837608
196 175 0.854324
196 225 0.853656
196 230 0.853017
196 113 0.852744
196 176 0.852487
196 128 0.852204
196 25 0.850996
196 147 0.849841
196 80 0.849839
196 76 0.849360
197 202 0.845984
197 230 0.842483
197 113 0.842095
197 80 0.842061
197 126 0.841489
197 46 0.840648
197 175 0.840445
197 194 0.839904
197 12 0.839810
197 128 0.839211
198 113 0.851459
198 175 0.851397
198 225 0.850185
198 147 0.848648
198 249 0.848542
198 35 0.848117
198 128 0.847737
198 12 0.847122
198 230 0.846985
198 234 0.846281
199 124 0.843637
199 169 0.841776
199 104 0.841267
199 60 0.841061
199 113 0.840828
199 30 0.840073
199 175 0.839423
199 217 0.839012
199 225 0.838900
199 128 0.838842
200 225 0.849750
200 113 0.849498
200 175 0.848761
200 80 0.847445
200 25 0.846946
200 56 0.846635
200 234 0.845865
200 128 0.845414
200 24 0.845070
200 230 0.844796
201 147 0.863352
201 225 0.862857
201 175 0.862599
201 128 0.862344
201 6 0.862245
201 234 0.861737
201 113 0.861219
201 12 0.860905
201 8 0.859641
201 165 0.859620
202 230 0.863856
202 175 0.862269
202 128 0.860849
202 80 0.860726
202 113 0.860548
202 225 0.860377
202 76 0.860172
202 249 0.859959
202 12 0.858788
202 234 0.858597
203 126 0.852924
203 2 0.852767
203 35 0.852152
203 6 0.852050
203 175 0.850987
203 113 0.850767
203 194 0.850714
203 12 0.849930
203 92 0.849900
203 76 0.849875
204 175 0.863109
204 80 0.863082
204 230 0.862512
204 2 0.862305
204 147 0.862064
204 113 0.861571
204 225 0.861415
204 76 0.861341
204 234 0.860999
204 56 0.860362
205 6 0.855135
205 76 0.854690
205 175 0.853553
205 63 0.853082
205 22 0.853024
205 179 0.852739
205 2 0.852186
205 244 0.851059
205 147 0.850821
205 99 0.850778
206 80 0.860375
206 230 0.859435
206 226 0.857855
206 76 0.854732
206 124 0.854690
206 147 0.853447
206 113 0.853245
206 234 0.852816
206 73 0.852350
206 202 0.852150
207 128 0.864705
207 175 0.863313
207 225 0.863200
207 113 0.861851
207 12 0.861249
207 76 0.860321
207 147 0.860216
207 80 0.860063
207 2 0.859813
207 6 0.859782
208 154 0.862453
208 63 0.861117
208 76 0.860399
208 12 0.859855
208 139 0.859095
208 62 0.858304
208 225 0.858061
208 175 0.857907
208 113 0.857689
208 126 0.857428
209 175 0.847745
209 35 0.847368
209 115 0.847259
209 62 0.846995
209 56 0.846267
209 223 0.845921
209 113 0.845890
209 12 0.845828
209 104 0.845225
209 99 0.845022
210 230 0.857145
210 76 0.855623
210 176 0.855022
210 175 0.854647
210 80 0.854604
210 113 0.853937
210 226 0.853811
210 147 0.853796
210 25 0.852577
210 38 0.851406
211 76 0.840307
211 80 0.838205
211 6 0.837870
211 113 0.837577
211 2 0.837255
211 60 0.837240
211 147 0.836776
211 63 0.836773
211 82 0.835247
211 244 0.835128
212 46 0.854058
212 113 0.851248
212 175 0.850057
212 128 0.849062
212 12 0.848831
212 80 0.848236
212 19 0.848205
212 123 0.847561
212 230 0.847407
212 202 0.847258
213 128 0.852550
213 76 0.852307
213 230 0.852273
213 113 0.852105
213 63 0.852056
213 147 0.851692
213 62 0.851512
213 225 0.850870
213 175 0.850762
213 234 0.850723
214 6 0.862228
214 225 0.860976
214 76 0.860691
214 12 0.860286
214 80 0.860035
214 175 0.859856
214 113 0.859173
214 128 0.858728
214 230 0.858010
214 249 0.857457
215 6 0.842478
215 249 0.841477
215 175 0.841355
215 76 0.840897
215 147 0.840577
215 52 0.839696
215 225 0.839548
215 128 0.839340
215 251 0.838587
215 82 0.838442
216 113 0.853613
216 175 0.853205
216 12 0.849456
216 249 0.849003
216 104 0.848136
216 225 0.847273
216 139 0.847015
216 147 0.846598
216 217 0.846584
216 92 0.846534
217 175 0.864847
217 12 0.863719
217 76 0.862279
217 63 0.862017
217 80 0.861334
217 225 0.861240
217 113 0.861212
217 128 0.861158
217 230 0.860927
217 147 0.860275
218 128 0.850465
218 234 0.849189
218 225 0.847247
218 126 0.846773
218 2 0.846603
218 202 0.846394
218 76 0.846301
218 230 0.845976
218 147 0.845583
218 175 0.845463
219 6 0.859721
219 175 0.859110
219 234 0.858864
219 128 0.857456
219 225 0.857446
219 113 0.857258
219 76 0.856203
219 2 0.856174
219 147 0.855821
219 181 0.855581
220 63 0.849177
220 76 0.848529
220 194 0.847512
220 249 0.845777
220 6 0.845658
220 126 0.845491
220 99 0.845076
220 147 0.845073
220 208 0.845060
220 12 0.844741
221 128 0.847313
221 113 0.845435
221 115 0.845020
221 234 0.844597
221 247 0.843802
221 175 0.843200
221 17 0.843147
221 63 0.843042
221 248 0.842994
221 23 0.842909
222 113 0.847417
222 147 0.846452
222 2 0.845773
222 234 0.845464
222 74 0.845027
222 225 0.844451
222 126 0.844428
222 175 0.844396
222 128 0.844276
222 35 0.843809
223 113 0.855338
223 62 0.852992
223 175 0.852743
223 6 0.852522
223 128 0.851931
223 76 0.851881
223 99 0.851830
223 12 0.851604
223 2 0.850965
223 225 0.850872
224 225 0.851871
224 142 0.850729
224 6 0.850664
224 193 0.850154
224 207 0.849591
224 128 0.849485
224 154 0.849372
224 234 0.849271
224 76 0.848971
224 165 0.848941
225 175 0.877981
225 128 0.876286
225 12 0.875398
225 92 0.870858
225 113 0.870577
225 234 0.870160
225 249 0.869666
225 6 0.868836
225 63 0.868723
225 168 0.868530
226 206 0.857855
226 210 0.853811
226 27 0.853587
226 124 0.852959
226 230 0.852562
226 182 0.852486
226 76 0.852421
226 176 0.852222
226 80 0.852179
226 79 0.851196
227 175 0.853872
227 113 0.853658
227 80 0.852655
227 2 0.852239
227 101 0.852060
227 76 0.851443
227 128 0.851225
227 147 0.851035
227 230 0.850934
227 121 0.850698
228 76 0.856383
228 6 0.856161
228 147 0.854578
228 113 0.854282
228 208 0.853318
228 99 0.853313
228 63 0.853248
228 128 0.853029
228 62 0.852795
228 139 0.851644
229 230 0.848936
229 62 0.847646
229 113 0.847129
229 225 0.846487
229 124 0.845598
229 56 0.845394
229 80 0.845196
229 27 0.844894
229 202 0.844735
229 12 0.844421
230 80 0.870192
230 175 0.870019
230 76 0.868581
230 225 0.868270
230 113 0.868100
230 147 0.867825
230 128 0.866918
230 12 0.866444
230 234 0.865653
230 139 0.865094
231 50 0.854719
231 246 0.853431
231 139 0.852305
231 230 0.852012
231 176 0.851770
231 249 0.851018
231 10 0.850742
231 28 0.850730
231 208 0.850674
231 76 0.850186
232 175 0.865795
232 234 0.864828
232 147 0.863439
232 225 0.863434
232 128 0.861105
232 76 0.860972
232 56 0.860851
232 235 0.860817
232 6 0.860455
232 63 0.860454
233 230 0.856541
233 80 0.855781
233 225 0.855373
233 63 0.855336
233 175 0.854594
233 56 0.854170
233 76 0.854026
233 62 0.853550
233 128 0.853168
233 176 0.853095
234 225 0.870160
234 128 0.869842
234 147 0.869130
234 175 0.868882
234 6 0.867182
234 113 0.866787
234 2 0.866641
234 12 0.865719
234 230 0.865653
234 56 0.865522
235 147 0.861885
235 232 0.860817
235 234 0.858027
235 175 0.856497
235 76 0.856046
235 24 0.855964
235 80 0.855938
235 56 0.855828
235 163 0.855070
235 230 0.855016
236 126 0.850750
236 147 0.848195
236 35 0.848165
236 249 0.847982
236 175 0.847327
236 225 0.847228
236 76 0.847102
236 10 0.846794
236 142 0.846412
236 154 0.846331
237 113 0.855733
237 128 0.854774
237 175 0.853395
237 76 0.851460
237 247 0.851151
237 225 0.850997
237 230 0.850332
237 2 0.849533
237 12 0.849264
237 147 0.849043
238 225 0.859440
238 175 0.856552
238 230 0.853842
238 12 0.853763
238 56 0.853667
238 35 0.853546
238 25 0.853415
238 128 0.853392
238 6 0.852411
238 165 0.852357
239 76 0.851894
239 6 0.850798
239 113 0.850519
239 194 0.850365
239 2 0.848973
239 147 0.848201
239 234 0.848112
239 24 0.847775
239 99 0.847652
239 219 0.847439
240 225 0.848351
240 62 0.845805
240 12 0.845039
240 246 0.844593
240 56 0.844451
240 128 0.844261
240 139 0.843902
240 230 0.843787
240 6 0.842445
240 30 0.842333
241 126 0.847664
241 225 0.847639
241 12 0.847607
241 92 0.846984
241 175 0.846648
241 6 0.846469
241 99 0.845712
241 76 0.845191
241 113 0.845137
241 86 0.845115
242 175 0.857283
242 126 0.857136
242 6 0.856774
242 76 0.856644
242 128 0.856475
242 225 0.856158
242 249 0.855769
242 80 0.855751
242 234 0.855739
242 182 0.855448
243 230 0.853216
243 175 0.851432
243 128 0.851101
243 225 0.850058
243 147 0.849028
243 234 0.848934
243 25 0.848811
243 76 0.848745
243 115 0.848480
243 35 0.848246
244 175 0.867509
244 12 0.866335
244 63 0.865923
244 128 0.865462
244 225 0.864835
244 113 0.864581
244 76 0.864304
244 147 0.864207
244 6 0.863536
244 126 0.862902
245 175 0.848984
245 12 0.847751
245 50 0.847723
245 225 0.847213
245 62 0.847178
245 147 0.846725
245 56 0.846453
245 92 0.846416
245 139 0.846042
245 230 0.845649
246 25 0.863543
246 230 0.862027
246 139 0.861198
246 225 0.860564
246 142 0.859981
246 80 0.859835
246 176 0.859469
246 175 0.859340
246 113 0.859258
246 147 0.858718
247 113 0.860589
247 175 0.858966
247 128 0.858629
247 147 0.857025
247 2 0.856192
247 225 0.856024
247 115 0.855256
247 76 0.854470
247 234 0.854080
247 25 0.853670
248 128 0.862364
248 113 0.861051
248 147 0.857927
248 225 0.857856
248 2 0.857793
248 12 0.857283
248 175 0.856999
248 234 0.856564
248 230 0.856416
248 121 0.855850
249 175 0.872062
249 225 0.869666
249 12 0.868970
249 113 0.866145
249 128 0.865624
249 63 0.865167
249 126 0.865000
249 92 0.864991
249 6 0.864359
249 139 0.864313
250 208 0.844953
250 126 0.841114
250 96 0.840783
250 249 0.839859
250 113 0.839773
250 50 0.839700
250 139 0.839426
250 141 0.838326
250 231 0.838111
250 104 0.837923
251 147 0.861615
251 175 0.861491
251 76 0.861055
251 6 0.860818
251 113 0.860497
251 2 0.860142
251 225 0.859216
251 63 0.858748
251 139 0.858673
251 80 0.858111
252 113 0.855283
252 147 0.854899
252 2 0.854747
252 76 0.854695
252 230 0.854459
252 80 0.854458
252 204 0.851475
252 234 0.851266
252 176 0.850943
252 74 0.850802
253 63 0.855722
253 50 0.854061
253 126 0.854053
253 208 0.851463
253 230 0.850779
253 249 0.850628
253 139 0.850380
253 124 0.850234
253 113 0.850209
253 163 0.850179
254 147 0.846504
254 76 0.846006
254 234 0.844959
254 2 0.844923
254 63 0.844101
254 230 0.843737
254 128 0.842485
254 175 0.842078
254 204 0.841840
254 168 0.841669
255 124 0.846839
255 175 0.846296
255 217 0.845944
255 12 0.844844
255 230 0.844156
255 225 0.843885
255 63 0.843583
255 104 0.843450
255 126 0.843296
255 35 0.842730
