0 62 0.872626
0 23 0.872214
0 22 0.871803
0 42 0.871691
0 46 0.868843
0 24 0.867691
0 13 0.867435
0 9 0.867300
0 33 0.867080
0 38 0.866869
1 23 0.867447
1 6 0.859470
1 50 0.858337
1 5 0.854019
1 16 0.852763
1 30 0.852443
1 60 0.851807
1 36 0.851715
1 20 0.850177
1 11 0.850135
2 52 0.866823
2 41 0.866529
2 42 0.865506
2 11 0.863996
2 43 0.862970
2 55 0.862864
2 54 0.861402
2 48 0.861022
2 0 0.858974
2 44 0.856300
3 23 0.847379
3 50 0.840411
3 11 0.839311
3 25 0.838015
3 35 0.835815
3 39 0.835009
3 20 0.834476
3 30 0.834320
3 6 0.834259
3 1 0.833889
4 16 0.864636
4 61 0.855917
4 15 0.851679
4 58 0.848768
4 18 0.848546
4 31 0.848406
4 35 0.846307
4 40 0.843389
4 23 0.843000
4 51 0.842165
5 36 0.866136
5 23 0.863780
5 22 0.859521
5 24 0.857718
5 25 0.857450
5 10 0.855160
5 21 0.854271
5 1 0.854019
5 14 0.852649
5 17 0.851719
6 23 0.860406
6 1 0.859470
6 50 0.850574
6 5 0.849675
6 16 0.845829
6 20 0.845746
6 11 0.845237
6 36 0.842738
6 12 0.842523
6 14 0.842499
7 56 0.871960
7 40 0.866696
7 47 0.862201
7 16 0.861385
7 34 0.859201
7 9 0.857060
7 49 0.855860
7 18 0.855760
7 44 0.852736
7 31 0.849716
8 22 0.878310
8 24 0.874144
8 27 0.872119
8 41 0.870030
8 48 0.869614
8 21 0.869134
8 14 0.867799
8 52 0.867718
8 10 0.867058
8 42 0.866778
9 62 0.876176
9 16 0.868376
9 0 0.867300
9 44 0.867194
9 18 0.863116
9 47 0.860951
9 63 0.860797
9 31 0.858500
9 23 0.857224
9 7 0.857060
10 22 0.895872
10 24 0.869871
10 8 0.867058
10 27 0.866842
10 17 0.864645
10 14 0.861596
10 21 0.860085
10 23 0.857841
10 30 0.857420
10 42 0.856323
11 48 0.882004
11 50 0.876541
11 23 0.873290
11 30 0.871117
11 41 0.868031
11 0 0.866183
11 2 0.863996
11 22 0.863469
11 21 0.862155
11 12 0.861846
12 50 0.869964
12 37 0.867891
12 30 0.866614
12 11 0.861846
12 16 0.856413
12 23 0.855499
12 47 0.850619
12 0 0.850136
12 14 0.849145
12 48 0.848974
13 0 0.867435
13 52 0.864478
13 42 0.860629
13 55 0.858466
13 9 0.856702
13 43 0.856571
13 22 0.856542
13 24 0.856479
13 41 0.854713
13 2 0.854582
14 27 0.886094
14 8 0.867799
14 36 0.866178
14 22 0.865579
14 48 0.865394
14 55 0.862707
14 24 0.862435
14 10 0.861596
14 52 0.861068
14 41 0.860088
15 16 0.858991
15 35 0.857527
15 40 0.854744
15 4 0.851679
15 9 0.850472
15 18 0.850361
15 34 0.849548
15 61 0.849195
15 56 0.847066
15 0 0.847014
16 58 0.880584
16 61 0.876311
16 31 0.875346
16 47 0.873076
16 40 0.870422
16 9 0.868376
16 23 0.867257
16 18 0.865580
16 4 0.864636
16 50 0.863734
17 22 0.880833
17 21 0.878044
17 24 0.874601
17 60 0.872258
17 0 0.864692
17 10 0.864645
17 8 0.863962
17 23 0.863508
17 55 0.862756
17 48 0.862013
18 16 0.865580
18 9 0.863116
18 47 0.861456
18 35 0.857783
18 31 0.856160
18 7 0.855760
18 19 0.855600
18 61 0.855396
18 56 0.854612
18 23 0.853168
19 47 0.859180
19 18 0.855600
19 16 0.846813
19 63 0.845736
19 0 0.843784
19 50 0.841822
19 53 0.841725
19 31 0.841699
19 23 0.841367
19 29 0.840486
20 23 0.856633
20 50 0.851866
20 1 0.850177
20 11 0.847946
20 6 0.845745
20 35 0.843963
20 16 0.843340
20 0 0.842652
20 25 0.841122
20 5 0.840336
21 24 0.878920
21 17 0.878044
21 48 0.873555
21 22 0.873264
21 55 0.873207
21 43 0.871173
21 41 0.871112
21 8 0.869134
21 60 0.868653
21 52 0.866222
22 10 0.895872
22 24 0.882366
22 17 0.880833
22 8 0.878310
22 21 0.873264
22 0 0.871803
22 48 0.870478
22 42 0.869732
22 27 0.869242
22 41 0.868994
23 50 0.875838
23 11 0.873290
23 0 0.872214
23 24 0.869184
23 48 0.868586
23 1 0.867447
23 16 0.867257
23 22 0.866104
23 30 0.865503
23 41 0.865322
24 22 0.882366
24 21 0.878920
24 17 0.874601
24 8 0.874144
24 41 0.871491
24 55 0.871212
24 10 0.869871
24 42 0.869484
24 23 0.869184
24 48 0.868160
25 55 0.863364
25 23 0.862084
25 22 0.859655
25 24 0.859373
25 17 0.858869
25 21 0.858508
25 11 0.858316
25 5 0.857450
25 48 0.855729
25 43 0.855593
26 22 0.860613
26 55 0.860118
26 43 0.859525
26 8 0.858627
26 21 0.854950
26 24 0.854523
26 41 0.854521
26 27 0.854376
26 52 0.852629
26 0 0.852481
27 14 0.886094
27 8 0.872118
27 22 0.869242
27 55 0.868380
27 43 0.867382
27 52 0.867239
27 10 0.866842
27 48 0.863767
27 24 0.863084
27 41 0.862111
28 34 0.866003
28 0 0.861627
28 33 0.850582
28 46 0.850230
28 22 0.849377
28 56 0.848923
28 38 0.848213
28 40 0.847373
28 55 0.847010
28 41 0.846077
29 16 0.860592
29 47 0.860153
29 40 0.854011
29 56 0.851673
29 63 0.850806
29 31 0.849959
29 9 0.849842
29 61 0.849612
29 18 0.849231
29 58 0.843543
30 50 0.874699
30 11 0.871117
30 48 0.869354
30 37 0.867131
30 12 0.866614
30 23 0.865503
30 22 0.860143
30 59 0.857815
30 10 0.857421
30 14 0.855523
31 16 0.875346
31 61 0.864423
31 58 0.861559
31 47 0.859919
31 9 0.858500
31 40 0.858485
31 18 0.856160
31 63 0.853865
31 56 0.851236
31 29 0.849959
32 35 0.863627
32 23 0.862864
32 51 0.860781
32 50 0.856092
32 24 0.854735
32 22 0.852925
32 0 0.852627
32 60 0.850528
32 11 0.849427
32 21 0.849382
33 46 0.868291
33 0 0.867080
33 62 0.866644
33 38 0.861257
33 28 0.850582
33 2 0.850487
33 52 0.849967
33 22 0.849878
33 42 0.848990
33 39 0.848811
34 40 0.880773
34 56 0.879753
34 22 0.868726
34 28 0.866003
34 55 0.864820
34 41 0.862890
34 0 0.862488
34 24 0.862018
34 8 0.860431
34 48 0.860276
35 32 0.863627
35 51 0.862599
35 23 0.862254
35 0 0.862123
35 16 0.859797
35 18 0.857783
35 15 0.857527
35 9 0.855613
35 50 0.854911
35 38 0.852315
36 14 0.866178
36 5 0.866136
36 27 0.858327
36 30 0.852863
36 1 0.851716
36 22 0.851620
36 25 0.850972
36 8 0.849698
36 23 0.849006
36 48 0.848873
37 50 0.877015
37 12 0.867891
37 30 0.867131
37 11 0.860325
37 23 0.855319
37 16 0.853023
37 60 0.846341
37 48 0.844261
37 35 0.843476
37 47 0.842993
38 62 0.867028
38 0 0.866869
38 46 0.861700
38 33 0.861257
38 35 0.852315
38 44 0.851774
38 50 0.850808
38 57 0.849855
38 23 0.849572
38 9 0.848482
39 0 0.855198
39 25 0.852565
39 41 0.852027
39 42 0.852008
39 23 0.851587
39 52 0.850665
39 22 0.850048
39 2 0.849984
39 57 0.849292
39 62 0.849289
40 56 0.894909
40 34 0.880773
40 16 0.870422
40 7 0.866696
40 31 0.858485
40 61 0.857080
40 47 0.856736
40 58 0.855046
40 15 0.854744
40 29 0.854011
41 48 0.878492
41 42 0.876842
41 24 0.871491
41 54 0.871153
41 21 0.871112
41 52 0.870337
41 8 0.870030
41 55 0.869649
41 43 0.869162
41 22 0.868993
42 52 0.879315
42 41 0.876842
42 0 0.871691
42 22 0.869732
42 24 0.869484
42 54 0.866923
42 8 0.866777
42 21 0.866083
42 43 0.865882
42 2 0.865506
43 52 0.875457
43 55 0.873371
43 21 0.871173
43 41 0.869162
43 27 0.867382
43 42 0.865882
43 48 0.864016
43 24 0.863735
43 8 0.863243
43 22 0.863240
44 9 0.867194
44 0 0.861162
44 62 0.859435
44 16 0.856676
44 47 0.856648
44 2 0.856300
44 13 0.852886
44 7 0.852736
44 42 0.851935
44 38 0.851774
45 0 0.853957
45 13 0.853890
45 55 0.850253
45 2 0.847573
45 9 0.845358
45 52 0.845092
45 24 0.843339
45 44 0.843006
45 33 0.842975
45 41 0.842747
46 62 0.870628
46 0 0.868843
46 33 0.868291
46 38 0.861700
46 13 0.852978
46 42 0.852459
46 22 0.851038
46 28 0.850230
46 52 0.848485
46 2 0.847235
47 16 0.873076
47 49 0.864172
47 60 0.863465
47 58 0.863291
47 23 0.863030
47 63 0.862360
47 7 0.862201
47 50 0.861619
47 18 0.861456
47 56 0.861136
48 11 0.882004
48 41 0.878492
48 21 0.873556
48 55 0.871049
48 22 0.870478
48 8 0.869614
48 30 0.869354
48 52 0.869081
48 23 0.868586
48 24 0.868160
49 47 0.864172
49 16 0.860569
49 60 0.860054
49 7 0.855860
49 50 0.854127
49 23 0.853683
49 59 0.853616
49 56 0.852066
49 18 0.850609
49 48 0.850126
50 37 0.877016
50 11 0.876541
50 23 0.875838
50 30 0.874699
50 12 0.869964
50 16 0.863734
50 47 0.861619
50 0 0.860210
50 48 0.859559
50 59 0.858996
51 35 0.862600
51 32 0.860781
51 23 0.846750
51 0 0.844561
51 4 0.842165
51 16 0.840040
51 38 0.840033
51 50 0.837684
51 15 0.837264
51 26 0.835668
52 42 0.879315
52 43 0.875457
52 41 0.870337
52 48 0.869081
52 8 0.867718
52 27 0.867239
52 2 0.866823
52 21 0.866222
52 0 0.865557
52 55 0.865380
53 16 0.861176
53 47 0.849508
53 31 0.848575
53 58 0.846515
53 61 0.843810
53 19 0.841725
53 60 0.841578
53 18 0.838975
53 23 0.838105
53 9 0.837815
54 41 0.871153
54 42 0.866923
54 52 0.861569
54 43 0.861507
54 2 0.861402
54 8 0.859796
54 24 0.859026
54 55 0.858552
54 21 0.857650
54 27 0.856691
55 43 0.873371
55 21 0.873207
55 24 0.871212
55 48 0.871049
55 41 0.869650
55 27 0.868381
55 22 0.867700
55 8 0.865703
55 52 0.865380
55 34 0.864820
56 40 0.894909
56 34 0.879753
56 7 0.871960
56 16 0.863290
56 47 0.861136
56 18 0.854612
56 49 0.852066
56 29 0.851673
56 31 0.851236
56 61 0.849599
57 9 0.852365
57 18 0.850734
57 61 0.850109
57 38 0.849855
57 16 0.849662
57 62 0.849518
57 39 0.849292
57 0 0.849025
57 35 0.847024
57 44 0.846314
58 16 0.880584
58 47 0.863291
58 61 0.863194
58 31 0.861559
58 40 0.855046
58 24 0.854526
58 23 0.853954
58 50 0.853186
58 18 0.849832
58 60 0.848962
59 23 0.862383
59 50 0.858996
59 30 0.857815
59 47 0.857221
59 48 0.856720
59 11 0.856360
59 16 0.854377
59 22 0.854155
59 49 0.853616
59 60 0.852593
60 17 0.872258
60 21 0.868653
60 47 0.863465
60 16 0.861994
60 23 0.860947
60 49 0.860054
60 50 0.858053
60 22 0.856897
60 48 0.855139
60 11 0.854566
61 16 0.876311
61 31 0.864423
61 58 0.863194
61 40 0.857080
61 4 0.855917
61 18 0.855396
61 9 0.855022
61 57 0.850109
61 29 0.849612
61 56 0.849599
62 9 0.876176
62 0 0.872626
62 46 0.870628
62 38 0.867028
62 33 0.866644
62 44 0.859435
62 42 0.855528
62 2 0.851147
62 57 0.849518
62 13 0.849455
63 47 0.862360
63 9 0.860797
63 16 0.856086
63 31 0.853865
63 18 0.851918
63 29 0.850806
63 44 0.849582
63 13 0.846384
63 56 0.846098
63 19 0.845736
