0 47 0.855424
0 6 0.855386
0 50 0.854481
0 62 0.852354
0 9 0.852143
0 19 0.851599
0 22 0.850620
0 30 0.849937
0 23 0.849756
0 28 0.848412
1 50 0.854993
1 47 0.851337
1 22 0.847938
1 30 0.847351
1 62 0.847009
1 43 0.846414
1 19 0.845776
1 18 0.845629
1 9 0.845197
1 6 0.845026
2 30 0.848763
2 6 0.846444
2 47 0.845135
2 9 0.844706
2 62 0.844050
2 43 0.842524
2 8 0.842290
2 56 0.841963
2 22 0.841232
2 50 0.841138
3 48 0.846470
3 47 0.844937
3 6 0.843999
3 62 0.842929
3 22 0.842567
3 50 0.841484
3 30 0.840327
3 56 0.840066
3 43 0.839855
3 25 0.839812
4 47 0.851608
4 62 0.845976
4 30 0.845905
4 43 0.845385
4 9 0.845329
4 54 0.844575
4 22 0.844531
4 50 0.844281
4 56 0.842425
4 48 0.841965
5 6 0.851970
5 47 0.850563
5 62 0.850129
5 9 0.847809
5 30 0.847712
5 50 0.847404
5 13 0.846223
5 25 0.846034
5 19 0.845568
5 28 0.844965
6 47 0.871871
6 62 0.865874
6 50 0.865498
6 9 0.865119
6 30 0.862820
6 19 0.861506
6 56 0.860691
6 48 0.860679
6 8 0.860342
6 13 0.860079
7 47 0.849720
7 50 0.847715
7 48 0.847580
7 6 0.846220
7 56 0.844543
7 22 0.844006
7 19 0.843088
7 9 0.842371
7 30 0.842150
7 62 0.841811
8 47 0.866570
8 6 0.860342
8 9 0.857918
8 50 0.857443
8 62 0.857336
8 22 0.855602
8 30 0.855549
8 23 0.854102
8 43 0.853934
8 39 0.853872
9 47 0.868845
9 6 0.865119
9 62 0.864014
9 30 0.863670
9 50 0.862933
9 19 0.861579
9 22 0.860628
9 48 0.858470
9 25 0.858456
9 8 0.857918
10 47 0.853722
10 25 0.850126
10 50 0.850036
10 62 0.849667
10 48 0.847783
10 22 0.845757
10 18 0.844909
10 19 0.844890
10 43 0.844721
10 6 0.844567
11 47 0.851758
11 22 0.850485
11 50 0.849418
11 62 0.848797
11 6 0.846706
11 30 0.846583
11 39 0.846240
11 19 0.845938
11 23 0.845469
11 28 0.845207
12 47 0.854158
12 50 0.852285
12 30 0.851096
12 22 0.850518
12 23 0.850474
12 39 0.849870
12 6 0.849248
12 56 0.849058
12 28 0.849051
12 62 0.848238
13 6 0.860079
13 47 0.859819
13 62 0.857619
13 50 0.857233
13 9 0.854998
13 19 0.852694
13 30 0.852614
13 39 0.851470
13 56 0.851160
13 28 0.851052
14 47 0.849624
14 8 0.844416
14 50 0.844024
14 54 0.842644
14 22 0.842480
14 9 0.841774
14 43 0.840501
14 62 0.840011
14 30 0.838611
14 61 0.838139
15 47 0.853321
15 62 0.852108
15 6 0.851853
15 19 0.851756
15 50 0.851606
15 9 0.850163
15 25 0.848926
15 22 0.848701
15 48 0.848314
15 56 0.847829
16 47 0.848181
16 23 0.847299
16 9 0.847121
16 50 0.846162
16 62 0.846073
16 30 0.844782
16 6 0.844608
16 28 0.844457
16 22 0.844093
16 43 0.843999
17 47 0.852390
17 22 0.850986
17 50 0.849721
17 62 0.849702
17 48 0.848299
17 9 0.847911
17 30 0.847719
17 8 0.847130
17 19 0.846826
17 43 0.845631
18 62 0.857634
18 50 0.857277
18 47 0.856163
18 43 0.854592
18 30 0.853677
18 6 0.853312
18 19 0.852569
18 28 0.852546
18 9 0.851984
18 25 0.851696
19 47 0.863079
19 62 0.862838
19 9 0.861579
19 6 0.861506
19 50 0.860862
19 30 0.860685
19 22 0.859188
19 56 0.857565
19 25 0.856955
19 39 0.856158
20 30 0.850315
20 6 0.848515
20 9 0.848300
20 19 0.848048
20 47 0.847212
20 22 0.846929
20 62 0.846356
20 48 0.845478
20 23 0.844781
20 8 0.844050
21 47 0.858362
21 30 0.854658
21 50 0.854440
21 22 0.853986
21 9 0.853384
21 28 0.853283
21 19 0.852438
21 62 0.851994
21 48 0.850791
21 6 0.850553
22 47 0.867474
22 30 0.863684
22 50 0.863419
22 62 0.862182
22 9 0.860628
22 6 0.859906
22 19 0.859188
22 48 0.858007
22 39 0.857198
22 23 0.856790
23 47 0.859708
23 6 0.859480
23 62 0.858829
23 50 0.857870
23 30 0.856827
23 22 0.856790
23 9 0.856537
23 19 0.855503
23 43 0.854935
23 8 0.854102
24 47 0.859042
24 50 0.855065
24 30 0.853044
24 62 0.853030
24 6 0.852219
24 9 0.851753
24 25 0.851016
24 39 0.850865
24 19 0.850665
24 22 0.850403
25 47 0.863016
25 62 0.859199
25 6 0.858931
25 9 0.858456
25 50 0.857977
25 19 0.856955
25 48 0.855367
25 30 0.854462
25 60 0.853890
25 56 0.852797
26 6 0.856051
26 30 0.852107
26 62 0.851319
26 47 0.851167
26 9 0.850165
26 50 0.848991
26 19 0.848218
26 23 0.847793
26 22 0.846859
26 13 0.846717
27 62 0.845423
27 47 0.845336
27 22 0.844129
27 30 0.844087
27 19 0.843686
27 6 0.842926
27 50 0.842571
27 9 0.842099
27 24 0.841515
27 28 0.841293
28 47 0.860379
28 6 0.858395
28 50 0.857952
28 30 0.857821
28 9 0.856983
28 62 0.856561
28 19 0.855886
28 22 0.854885
28 56 0.854814
28 39 0.853777
29 50 0.847570
29 47 0.846447
29 62 0.843841
29 43 0.843415
29 58 0.840672
29 54 0.840665
29 9 0.840482
29 40 0.840152
29 19 0.839838
29 51 0.838904
30 47 0.865600
30 22 0.863684
30 9 0.863670
30 6 0.862820
30 62 0.862598
30 50 0.862010
30 19 0.860685
30 56 0.858933
30 43 0.858319
30 28 0.857821
31 62 0.847632
31 47 0.846126
31 25 0.845101
31 9 0.843139
31 43 0.842529
31 19 0.842139
31 23 0.841902
31 6 0.841873
31 13 0.841498
31 50 0.841374
32 6 0.849268
32 47 0.849083
32 50 0.848500
32 30 0.848490
32 62 0.848019
32 9 0.847697
32 18 0.846779
32 28 0.846178
32 19 0.845153
32 56 0.844859
33 47 0.840928
33 50 0.838902
33 62 0.838387
33 48 0.836815
33 9 0.836355
33 6 0.835940
33 19 0.835743
33 25 0.834268
33 10 0.833434
33 36 0.832933
34 47 0.853172
34 50 0.851718
34 6 0.847794
34 62 0.847529
34 19 0.847445
34 22 0.847122
34 9 0.846990
34 23 0.846878
34 8 0.846502
34 39 0.845532
35 6 0.852945
35 50 0.851879
35 47 0.850451
35 62 0.849653
35 19 0.847415
35 25 0.846179
35 39 0.845958
35 18 0.845785
35 30 0.845537
35 28 0.844487
36 50 0.851288
36 47 0.850665
36 62 0.850089
36 30 0.849752
36 19 0.848897
36 6 0.848294
36 9 0.847932
36 56 0.847703
36 43 0.847497
36 25 0.846810
37 6 0.852812
37 47 0.851226
37 62 0.849020
37 23 0.848980
37 9 0.847476
37 8 0.847125
37 22 0.846519
37 19 0.846357
37 25 0.846115
37 50 0.845762
38 30 0.849654
38 47 0.848922
38 48 0.847797
38 62 0.847521
38 22 0.847214
38 50 0.846895
38 43 0.846518
38 9 0.846232
38 6 0.845100
38 19 0.844554
39 47 0.862616
39 50 0.860071
39 62 0.859116
39 6 0.857916
39 22 0.857198
39 19 0.856158
39 30 0.856065
39 9 0.855201
39 8 0.853872
39 28 0.853777
40 47 0.855365
40 62 0.852472
40 30 0.851645
40 25 0.851369
40 9 0.851070
40 50 0.850879
40 19 0.850296
40 22 0.849969
40 60 0.849587
40 43 0.849572
41 62 0.843328
41 19 0.842718
41 30 0.841874
41 9 0.841786
41 50 0.841567
41 47 0.841396
41 0 0.839965
41 25 0.839716
41 6 0.839302
41 56 0.838632
42 47 0.850778
42 62 0.848189
42 9 0.847232
42 30 0.846478
42 8 0.846404
42 43 0.846281
42 25 0.846184
42 58 0.844936
42 48 0.844458
42 19 0.844133
43 47 0.862526
43 50 0.861980
43 62 0.860519
43 30 0.858319
43 6 0.856668
43 22 0.856605
43 9 0.855055
43 23 0.854935
43 18 0.854592
43 8 0.853934
44 47 0.850935
44 19 0.846762
44 62 0.845534
44 50 0.845533
44 22 0.845463
44 6 0.845380
44 30 0.844806
44 9 0.843358
44 48 0.842488
44 39 0.841371
45 47 0.852049
45 22 0.849938
45 30 0.848020
45 9 0.846482
45 62 0.846449
45 50 0.845919
45 6 0.844421
45 48 0.843213
45 19 0.843117
45 25 0.841992
46 30 0.847069
46 6 0.845980
46 62 0.845937
46 47 0.845898
46 23 0.845717
46 9 0.845545
46 22 0.845346
46 50 0.844685
46 28 0.844339
46 43 0.843298
47 6 0.871871
47 50 0.871037
47 9 0.868845
47 22 0.867474
47 62 0.867367
47 48 0.867232
47 8 0.866570
47 30 0.865600
47 19 0.863079
47 25 0.863016
48 47 0.867232
48 6 0.860679
48 50 0.859706
48 62 0.858964
48 9 0.858470
48 22 0.858007
48 19 0.856071
48 30 0.855756
48 25 0.855367
48 56 0.853569
49 47 0.846984
49 43 0.843343
49 58 0.842897
49 30 0.841799
49 54 0.841511
49 48 0.840923
49 8 0.840687
49 62 0.840582
49 50 0.840026
49 28 0.839664
50 47 0.871037
50 6 0.865498
50 62 0.865056
50 22 0.863419
50 9 0.862933
50 30 0.862010
50 43 0.861980
50 19 0.860862
50 39 0.860071
50 48 0.859706
51 50 0.853378
51 47 0.851808
51 6 0.849350
51 13 0.848819
51 62 0.848425
51 54 0.848032
51 9 0.847912
51 56 0.847823
51 43 0.847373
51 25 0.846218
52 50 0.836140
52 47 0.835832
52 6 0.834342
52 9 0.834159
52 43 0.832986
52 51 0.832850
52 62 0.832760
52 28 0.832504
52 15 0.832432
52 54 0.832077
53 47 0.844682
53 30 0.842250
53 25 0.842174
53 9 0.840952
53 24 0.840345
53 19 0.839953
53 50 0.839757
53 56 0.839148
53 6 0.838922
53 62 0.837546
54 47 0.859842
54 50 0.856595
54 43 0.853152
54 9 0.852214
54 8 0.851823
54 30 0.851057
54 22 0.850961
54 62 0.850926
54 6 0.850463
54 13 0.849983
55 6 0.849929
55 8 0.849726
55 47 0.849071
55 62 0.848608
55 50 0.846150
55 56 0.846118
55 43 0.845290
55 9 0.845191
55 19 0.844315
55 25 0.844164
56 6 0.860691
56 47 0.860531
56 30 0.858933
56 50 0.858779
56 9 0.857675
56 19 0.857565
56 62 0.856747
56 28 0.854814
56 22 0.854340
56 48 0.853569
57 47 0.854940
57 62 0.851311
57 50 0.848945
57 9 0.848834
57 8 0.848325
57 22 0.848197
57 6 0.848193
57 48 0.847474
57 19 0.846056
57 43 0.845885
58 47 0.856522
58 62 0.854113
58 50 0.852857
58 43 0.852496
58 30 0.852131
58 9 0.851317
58 6 0.851242
58 48 0.850751
58 8 0.848588
58 54 0.848543
59 47 0.852763
59 50 0.851917
59 6 0.848842
59 30 0.847665
59 22 0.847436
59 9 0.847321
59 23 0.846652
59 56 0.846228
59 8 0.845507
59 28 0.844645
60 47 0.858465
60 30 0.855325
60 25 0.853890
60 62 0.853155
60 6 0.852964
60 48 0.851864
60 9 0.851221
60 50 0.850901
60 22 0.850761
60 40 0.849587
61 47 0.860321
61 30 0.855104
61 50 0.854960
61 9 0.854839
61 6 0.853273
61 22 0.852452
61 19 0.851509
61 62 0.851267
61 48 0.850674
61 8 0.849888
62 47 0.867367
62 6 0.865874
62 50 0.865056
62 9 0.864014
62 19 0.862838
62 30 0.862598
62 22 0.862182
62 43 0.860519
62 25 0.859199
62 39 0.859116
63 47 0.838677
63 50 0.836007
63 54 0.835310
63 13 0.833964
63 62 0.833506
63 6 0.833062
63 43 0.832667
63 9 0.832662
63 51 0.832582
63 25 0.832043
