0 21 0.852868
0 56 0.850256
0 30 0.849585
0 9 0.849452
0 15 0.848962
0 42 0.848822
0 12 0.848697
0 44 0.848322
0 18 0.847920
0 55 0.847295
1 56 0.842875
1 9 0.842271
1 21 0.842119
1 15 0.841612
1 8 0.841191
1 18 0.841043
1 42 0.840317
1 12 0.840257
1 30 0.839647
1 55 0.839625
2 21 0.850638
2 56 0.849934
2 9 0.849847
2 42 0.849595
2 32 0.849075
2 12 0.848206
2 8 0.847423
2 15 0.847224
2 43 0.847136
2 55 0.846702
3 21 0.850973
3 56 0.849358
3 15 0.848763
3 9 0.848309
3 32 0.847718
3 42 0.847459
3 0 0.846090
3 54 0.845824
3 62 0.845668
3 18 0.845081
4 21 0.848495
4 56 0.846449
4 12 0.845905
4 32 0.844911
4 5 0.843850
4 43 0.843621
4 9 0.843605
4 55 0.843123
4 18 0.843002
4 42 0.842963
5 56 0.853420
5 21 0.852306
5 32 0.849820
5 43 0.849657
5 55 0.849025
5 44 0.848933
5 12 0.848925
5 30 0.848611
5 9 0.848530
5 42 0.848464
6 56 0.847006
6 9 0.844510
6 15 0.844091
6 32 0.843573
6 12 0.843040
6 21 0.842854
6 55 0.842515
6 45 0.842408
6 42 0.842361
6 5 0.842164
7 21 0.851998
7 9 0.850967
7 12 0.849615
7 56 0.849134
7 32 0.847352
7 55 0.847161
7 44 0.846952
7 30 0.846666
7 8 0.846600
7 54 0.846458
8 9 0.854045
8 21 0.853878
8 56 0.853831
8 32 0.852056
8 15 0.851423
8 12 0.851110
8 43 0.850947
8 55 0.850756
8 18 0.850750
8 31 0.850536
9 21 0.858285
9 56 0.858000
9 12 0.855554
9 32 0.855336
9 42 0.854787
9 55 0.854468
9 8 0.854044
9 15 0.853497
9 43 0.853298
9 18 0.852805
10 21 0.847823
10 56 0.847127
10 5 0.845156
10 54 0.844809
10 12 0.844670
10 9 0.844338
10 42 0.844034
10 30 0.843766
10 15 0.843506
10 62 0.843162
11 56 0.850632
11 21 0.850018
11 9 0.849036
11 43 0.847853
11 12 0.847765
11 15 0.847468
11 32 0.847456
11 18 0.847013
11 42 0.846944
11 8 0.846431
12 21 0.856023
12 9 0.855554
12 56 0.855477
12 32 0.854652
12 18 0.852668
12 42 0.852093
12 30 0.851773
12 15 0.851374
12 43 0.851335
12 8 0.851110
13 21 0.847915
13 56 0.847893
13 9 0.846597
13 15 0.846499
13 8 0.844887
13 32 0.844847
13 12 0.844354
13 54 0.844296
13 55 0.844226
13 18 0.844088
14 21 0.850349
14 56 0.850232
14 15 0.848747
14 42 0.848598
14 12 0.848151
14 18 0.847848
14 9 0.847739
14 30 0.847724
14 32 0.847360
14 5 0.847046
15 56 0.856785
15 21 0.855016
15 9 0.853497
15 42 0.851883
15 30 0.851801
15 32 0.851429
15 8 0.851423
15 12 0.851374
15 18 0.850767
15 54 0.850445
16 12 0.848395
16 56 0.848377
16 9 0.847479
16 21 0.847335
16 30 0.846623
16 32 0.846612
16 18 0.846432
16 5 0.845128
16 33 0.845055
16 43 0.844736
17 21 0.851413
17 56 0.851324
17 9 0.848007
17 15 0.847868
17 32 0.847845
17 42 0.847787
17 12 0.847746
17 44 0.846944
17 30 0.846309
17 0 0.845799
18 21 0.856774
18 9 0.852805
18 12 0.852668
18 43 0.852445
18 56 0.852045
18 30 0.851287
18 15 0.850767
18 8 0.850750
18 32 0.850254
18 42 0.849884
19 56 0.848721
19 32 0.845035
19 9 0.845016
19 30 0.844014
19 42 0.843980
19 8 0.843866
19 5 0.843801
19 21 0.843718
19 44 0.843620
19 12 0.843558
20 21 0.847986
20 56 0.847834
20 32 0.846389
20 9 0.845155
20 5 0.844280
20 12 0.844139
20 43 0.844114
20 55 0.843650
20 42 0.843170
20 54 0.842418
21 9 0.858285
21 56 0.857916
21 18 0.856774
21 43 0.856409
21 12 0.856023
21 42 0.855507
21 32 0.855415
21 15 0.855016
21 54 0.854989
21 44 0.853938
22 21 0.847515
22 9 0.846991
22 56 0.846851
22 42 0.846778
22 12 0.845591
22 32 0.845253
22 43 0.844808
22 45 0.844354
22 18 0.843365
22 15 0.843109
23 21 0.852217
23 32 0.850722
23 56 0.850626
23 15 0.849154
23 12 0.848250
23 54 0.847946
23 9 0.847746
23 31 0.847326
23 8 0.846682
23 14 0.846536
24 56 0.850145
24 9 0.849875
24 15 0.849657
24 12 0.849620
24 21 0.848455
24 30 0.847536
24 18 0.847217
24 8 0.846310
24 53 0.846003
24 32 0.845796
25 56 0.843277
25 9 0.842734
25 42 0.842707
25 30 0.842403
25 21 0.841945
25 12 0.841884
25 32 0.841726
25 0 0.841459
25 15 0.841447
25 41 0.841265
26 56 0.851378
26 21 0.851354
26 32 0.848568
26 9 0.847097
26 12 0.847077
26 18 0.846995
26 5 0.846070
26 44 0.846001
26 43 0.845444
26 14 0.845234
27 21 0.851528
27 56 0.850780
27 9 0.849946
27 42 0.849867
27 30 0.848482
27 15 0.847739
27 41 0.847533
27 45 0.846574
27 55 0.846264
27 38 0.845506
28 21 0.846288
28 9 0.845302
28 56 0.844930
28 12 0.844908
28 30 0.844899
28 42 0.842418
28 0 0.842396
28 18 0.842375
28 8 0.842361
28 62 0.842332
29 56 0.851767
29 21 0.851269
29 9 0.850893
29 32 0.850180
29 12 0.849428
29 8 0.847601
29 55 0.847553
29 44 0.847117
29 30 0.847076
29 18 0.846662
30 21 0.853340
30 56 0.852745
30 9 0.852291
30 42 0.852028
30 15 0.851801
30 12 0.851773
30 18 0.851287
30 55 0.851117
30 32 0.850617
30 8 0.850099
31 21 0.853035
31 9 0.851887
31 56 0.851285
31 32 0.850755
31 8 0.850536
31 15 0.850304
31 54 0.849552
31 55 0.849250
31 12 0.848747
31 43 0.848539
32 56 0.856696
32 21 0.855415
32 9 0.855336
32 12 0.854652
32 42 0.852762
32 8 0.852056
32 55 0.851429
32 15 0.851429
32 54 0.850938
32 43 0.850786
33 21 0.850585
33 9 0.849609
33 56 0.849181
33 42 0.849146
33 32 0.849118
33 30 0.848959
33 55 0.847924
33 12 0.847895
33 41 0.847588
33 5 0.847087
34 21 0.852600
34 56 0.850815
34 32 0.850448
34 12 0.849517
34 9 0.849492
34 42 0.847527
34 5 0.847134
34 8 0.846516
34 44 0.846511
34 43 0.846033
35 56 0.848841
35 21 0.848281
35 42 0.846885
35 12 0.846547
35 9 0.845466
35 8 0.844898
35 32 0.844858
35 15 0.844846
35 44 0.844021
35 18 0.843782
36 9 0.848334
36 56 0.848202
36 30 0.847148
36 32 0.846884
36 15 0.846475
36 21 0.846293
36 42 0.845925
36 55 0.845606
36 12 0.845156
36 8 0.845049
37 21 0.850722
37 42 0.849960
37 56 0.848814
37 30 0.848426
37 9 0.848246
37 8 0.847626
37 55 0.846964
37 15 0.846691
37 12 0.845617
37 62 0.845340
38 21 0.850032
38 9 0.848465
38 56 0.848299
38 43 0.848168
38 42 0.847322
38 18 0.847127
38 30 0.847080
38 41 0.846894
38 8 0.846320
38 15 0.845933
39 56 0.851650
39 12 0.850496
39 9 0.849702
39 32 0.849543
39 21 0.848415
39 55 0.848185
39 44 0.847850
39 42 0.847362
39 30 0.847160
39 15 0.847099
40 30 0.848328
40 56 0.848229
40 15 0.847436
40 42 0.846559
40 18 0.846317
40 12 0.846091
40 21 0.846070
40 32 0.845809
40 0 0.845577
40 41 0.845100
41 21 0.851419
41 9 0.849575
41 32 0.849546
41 42 0.849381
41 30 0.849275
41 56 0.849103
41 18 0.848167
41 12 0.847916
41 33 0.847588
41 27 0.847533
42 56 0.855580
42 21 0.855507
42 9 0.854787
42 32 0.852762
42 12 0.852093
42 30 0.852028
42 15 0.851883
42 43 0.850431
42 8 0.850134
42 44 0.850034
43 21 0.856409
43 9 0.853298
43 56 0.853135
43 18 0.852445
43 12 0.851335
43 8 0.850947
43 32 0.850786
43 42 0.850431
43 15 0.849998
43 55 0.849676
44 56 0.854010
44 21 0.853938
44 9 0.851535
44 12 0.850942
44 32 0.850554
44 55 0.850044
44 42 0.850033
44 30 0.849657
44 5 0.848934
44 0 0.848322
45 21 0.852526
45 56 0.851965
45 9 0.851860
45 43 0.849637
45 12 0.849043
45 32 0.848738
45 30 0.848638
45 15 0.848264
45 18 0.848062
45 55 0.847736
46 42 0.839473
46 21 0.838571
46 8 0.838520
46 9 0.837866
46 31 0.837546
46 30 0.837465
46 32 0.836985
46 12 0.836958
46 33 0.836764
46 43 0.836511
47 9 0.842513
47 32 0.841866
47 56 0.841628
47 12 0.841621
47 55 0.841043
47 8 0.840650
47 44 0.840567
47 30 0.840336
47 21 0.840297
47 62 0.839709
48 56 0.846210
48 21 0.845820
48 8 0.845368
48 15 0.845136
48 9 0.843939
48 55 0.843921
48 32 0.843713
48 31 0.843532
48 12 0.843436
48 30 0.843239
49 21 0.850210
49 56 0.849507
49 9 0.848171
49 32 0.848124
49 42 0.846049
49 43 0.845241
49 12 0.845237
49 18 0.845052
49 8 0.844873
49 41 0.844299
50 56 0.848389
50 9 0.848243
50 21 0.846922
50 32 0.846601
50 42 0.846240
50 8 0.845685
50 12 0.845653
50 55 0.845360
50 15 0.845132
50 30 0.844568
51 21 0.848101
51 56 0.847149
51 55 0.845288
51 9 0.845122
51 15 0.845105
51 8 0.844854
51 32 0.844620
51 12 0.844561
51 18 0.844203
51 44 0.844202
52 21 0.850263
52 56 0.847654
52 54 0.846242
52 32 0.846075
52 15 0.845937
52 30 0.844616
52 18 0.844588
52 9 0.844553
52 42 0.844277
52 55 0.843673
53 21 0.850993
53 12 0.848437
53 18 0.847424
53 8 0.847320
53 30 0.847283
53 56 0.847098
53 9 0.847076
53 43 0.846754
53 5 0.846596
53 31 0.846428
54 21 0.854989
54 56 0.852890
54 32 0.850938
54 9 0.850859
54 15 0.850445
54 31 0.849552
54 55 0.849325
54 12 0.849308
54 30 0.849128
54 8 0.848892
55 9 0.854468
55 21 0.853899
55 56 0.853778
55 32 0.851429
55 30 0.851117
55 8 0.850756
55 12 0.850665
55 44 0.850044
55 15 0.850037
55 43 0.849676
56 9 0.858000
56 21 0.857916
56 15 0.856785
56 32 0.856696
56 42 0.855580
56 12 0.855477
56 44 0.854010
56 8 0.853831
56 55 0.853778
56 5 0.853420
57 56 0.847661
57 21 0.847517
57 9 0.847409
57 8 0.845094
57 42 0.844715
57 32 0.844045
57 15 0.844026
57 55 0.843955
57 30 0.843687
57 18 0.843546
58 21 0.845000
58 32 0.844043
58 54 0.843738
58 9 0.843553
58 31 0.843309
58 12 0.843080
58 56 0.842990
58 30 0.842888
58 55 0.842454
58 15 0.841769
59 21 0.848745
59 9 0.847545
59 56 0.846686
59 12 0.846122
59 32 0.845370
59 18 0.844381
59 54 0.843863
59 55 0.843093
59 44 0.842996
59 29 0.842942
60 21 0.845832
60 56 0.844972
60 12 0.844186
60 42 0.842803
60 9 0.842512
60 54 0.841490
60 44 0.841388
60 32 0.841230
60 15 0.841154
60 55 0.840818
61 21 0.846900
61 9 0.846349
61 30 0.845158
61 41 0.844703
61 15 0.844605
61 56 0.844189
61 18 0.843973
61 55 0.843617
61 32 0.842922
61 8 0.842884
62 56 0.852032
62 21 0.851757
62 9 0.851147
62 32 0.849983
62 42 0.849487
62 30 0.848669
62 55 0.848558
62 8 0.848231
62 12 0.848211
62 18 0.848183
63 21 0.848099
63 56 0.847665
63 9 0.847578
63 12 0.846153
63 18 0.844571
63 14 0.844496
63 41 0.844114
63 44 0.843770
63 62 0.843512
63 42 0.843478
