0 113 0.849425
0 46 0.848840
0 7 0.848677
0 43 0.847192
0 126 0.846348
0 78 0.846218
0 105 0.845415
0 64 0.845277
0 47 0.845256
0 99 0.845152
1 113 0.859107
1 46 0.857133
1 5 0.855155
1 105 0.855014
1 126 0.854863
1 23 0.854478
1 43 0.854076
1 78 0.853323
1 62 0.853141
1 86 0.852992
2 46 0.848717
2 105 0.846046
2 113 0.846034
2 78 0.845217
2 23 0.845026
2 5 0.844949
2 43 0.844851
2 126 0.844200
2 16 0.843187
2 118 0.842487
3 113 0.856710
3 46 0.854103
3 43 0.852022
3 94 0.850930
3 78 0.850036
3 105 0.850021
3 126 0.850003
3 7 0.849370
3 5 0.849306
3 62 0.849085
4 113 0.840236
4 105 0.839683
4 46 0.838417
4 78 0.838041
4 80 0.837727
4 1 0.837720
4 126 0.837505
4 88 0.837485
4 17 0.837346
4 6 0.837343
5 113 0.860882
5 46 0.860475
5 43 0.858151
5 126 0.857607
5 78 0.857085
5 105 0.857036
5 16 0.856303
5 23 0.856251
5 103 0.855874
5 86 0.855364
6 113 0.857924
6 78 0.854736
6 126 0.854000
6 46 0.853583
6 105 0.853365
6 43 0.853283
6 5 0.852127
6 1 0.851102
6 51 0.851027
6 99 0.850806
7 113 0.856663
7 46 0.856435
7 78 0.854480
7 43 0.854250
7 5 0.853354
7 105 0.852754
7 94 0.852389
7 47 0.851917
7 62 0.851910
7 126 0.851634
8 46 0.852500
8 113 0.851428
8 126 0.850945
8 105 0.849937
8 43 0.848764
8 103 0.848050
8 5 0.847677
8 17 0.847577
8 21 0.847221
8 62 0.847135
9 113 0.854560
9 43 0.853574
9 46 0.852826
9 78 0.850915
9 5 0.849488
9 45 0.849391
9 105 0.849334
9 94 0.849295
9 54 0.848656
9 47 0.848465
10 46 0.846485
10 105 0.844728
10 113 0.844344
10 43 0.843320
10 126 0.843209
10 23 0.843169
10 78 0.843066
10 1 0.842054
10 62 0.841608
10 51 0.841322
11 113 0.856627
11 46 0.854248
11 78 0.853625
11 105 0.853293
11 5 0.853287
11 126 0.853020
11 43 0.851905
11 111 0.851740
11 103 0.851414
11 45 0.851229
12 105 0.845144
12 43 0.844922
12 46 0.844216
12 126 0.843015
12 78 0.842220
12 103 0.841860
12 113 0.841131
12 8 0.840824
12 6 0.840791
12 1 0.840768
13 113 0.854607
13 46 0.853728
13 126 0.850837
13 23 0.850825
13 94 0.850645
13 5 0.849368
13 105 0.849176
13 43 0.848810
13 47 0.848053
13 16 0.847356
14 46 0.852893
14 113 0.849698
14 126 0.849687
14 105 0.849289
14 43 0.848377
14 5 0.848260
14 78 0.848048
14 23 0.847582
14 103 0.846794
14 16 0.846628
15 46 0.850540
15 43 0.849983
15 1 0.847929
15 105 0.847779
15 113 0.847336
15 78 0.846729
15 45 0.845807
15 62 0.845673
15 23 0.845429
15 79 0.845220
16 46 0.858613
16 43 0.857907
16 113 0.857730
16 105 0.856754
16 5 0.856303
16 78 0.855716
16 126 0.854565
16 103 0.853741
16 23 0.853663
16 45 0.853272
17 113 0.858946
17 46 0.856414
17 126 0.855190
17 105 0.853717
17 98 0.853511
17 86 0.853070
17 57 0.852924
17 76 0.851922
17 5 0.851832
17 115 0.851416
18 113 0.847533
18 78 0.845724
18 105 0.844759
18 46 0.844437
18 1 0.843492
18 79 0.843334
18 47 0.843168
18 16 0.842684
18 23 0.842644
18 7 0.842494
19 46 0.843668
19 105 0.842122
19 98 0.842096
19 76 0.841881
19 103 0.841860
19 126 0.841494
19 47 0.841164
19 113 0.840821
19 64 0.840382
19 43 0.840252
20 113 0.853670
20 46 0.851217
20 43 0.849887
20 78 0.849340
20 105 0.848817
20 100 0.848397
20 16 0.848111
20 17 0.848055
20 98 0.847349
20 99 0.847207
21 113 0.855510
21 46 0.855462
21 105 0.854177
21 126 0.853388
21 43 0.851473
21 62 0.851165
21 103 0.850949
21 16 0.850852
21 5 0.850764
21 78 0.849731
22 46 0.855964
22 105 0.853791
22 113 0.853114
22 78 0.853034
22 5 0.852484
22 126 0.852283
22 43 0.852001
22 23 0.851753
22 94 0.851721
22 103 0.850655
23 46 0.859011
23 113 0.858413
23 126 0.857458
23 5 0.856251
23 105 0.856059
23 78 0.855353
23 1 0.854478
23 43 0.854080
23 45 0.853970
23 94 0.853829
24 46 0.853868
24 113 0.852773
24 43 0.849627
24 62 0.848844
24 5 0.848786
24 105 0.848628
24 126 0.848402
24 86 0.848097
24 78 0.848060
24 51 0.847662
25 46 0.854774
25 43 0.854083
25 113 0.853325
25 78 0.852222
25 105 0.851538
25 45 0.851437
25 94 0.851387
25 5 0.850281
25 51 0.850173
25 111 0.850033
26 46 0.854585
26 43 0.852842
26 5 0.852681
26 88 0.851412
26 105 0.851310
26 113 0.851131
26 126 0.850895
26 23 0.850485
26 78 0.850220
26 103 0.850001
27 113 0.856632
27 46 0.854164
27 5 0.853138
27 126 0.852219
27 105 0.851294
27 43 0.851057
27 47 0.850450
27 99 0.850165
27 23 0.850103
27 62 0.850017
28 113 0.847385
28 46 0.847063
28 43 0.846427
28 105 0.846351
28 126 0.845960
28 118 0.844772
28 94 0.844418
28 103 0.844159
28 56 0.844022
28 79 0.843673
29 46 0.857854
29 113 0.854971
29 105 0.854720
29 43 0.854320
29 126 0.853688
29 78 0.852974
29 16 0.852657
29 103 0.852295
29 51 0.851816
29 111 0.851784
30 113 0.852149
30 46 0.849581
30 5 0.847796
30 126 0.847647
30 105 0.847259
30 62 0.846781
30 45 0.846684
30 17 0.846416
30 86 0.846368
30 78 0.845975
31 1 0.835810
31 105 0.834363
31 126 0.834069
31 46 0.833851
31 86 0.833787
31 23 0.833569
31 113 0.833422
31 111 0.833144
31 103 0.833029
31 5 0.832763
32 46 0.839983
32 113 0.839851
32 126 0.839799
32 43 0.838338
32 45 0.836729
32 23 0.836704
32 105 0.836629
32 96 0.836506
32 5 0.835759
32 16 0.835756
33 46 0.856304
33 113 0.856184
33 105 0.852568
33 126 0.852234
33 5 0.852082
33 43 0.851606
33 45 0.851001
33 47 0.850948
33 111 0.850939
33 94 0.850892
34 113 0.848990
34 46 0.847877
34 126 0.846844
34 43 0.846007
34 105 0.845764
34 6 0.845235
34 51 0.845023
34 5 0.844925
34 78 0.844663
34 76 0.844553
35 43 0.845524
35 46 0.845057
35 78 0.844474
35 113 0.844224
35 105 0.842746
35 51 0.841978
35 45 0.841867
35 99 0.841641
35 85 0.841437
35 126 0.841289
36 46 0.856899
36 113 0.854937
36 78 0.854869
36 43 0.854536
36 105 0.854260
36 5 0.852788
36 126 0.852666
36 23 0.852309
36 51 0.852283
36 16 0.851975
37 113 0.849448
37 105 0.847573
37 46 0.847529
37 23 0.846005
37 78 0.845833
37 5 0.845699
37 43 0.845651
37 94 0.845601
37 126 0.845390
37 1 0.844648
38 113 0.850375
38 46 0.850077
38 105 0.848744
38 43 0.848190
38 78 0.846946
38 98 0.846341
38 51 0.846286
38 118 0.845696
38 72 0.845666
38 47 0.845438
39 43 0.846162
39 46 0.843946
39 5 0.842728
39 78 0.841973
39 105 0.841627
39 94 0.841138
39 25 0.841006
39 54 0.840575
39 112 0.840294
39 16 0.840269
40 113 0.847214
40 46 0.846704
40 43 0.845865
40 105 0.845397
40 118 0.844454
40 62 0.844243
40 78 0.843846
40 98 0.843540
40 103 0.843475
40 5 0.843441
41 46 0.855313
41 113 0.854277
41 5 0.853448
41 78 0.853368
41 43 0.852665
41 105 0.852485
41 98 0.850732
41 103 0.850423
41 51 0.850153
41 6 0.850086
42 46 0.853209
42 43 0.851300
42 126 0.850402
42 105 0.849936
42 113 0.849469
42 78 0.848328
42 103 0.848088
42 94 0.847331
42 5 0.847286
42 29 0.845957
43 46 0.862815
43 105 0.860141
43 113 0.859355
43 78 0.858566
43 5 0.858151
43 16 0.857907
43 103 0.856883
43 126 0.856845
43 45 0.856361
43 100 0.856314
44 113 0.851670
44 43 0.850513
44 46 0.850220
44 5 0.849514
44 105 0.848108
44 16 0.848056
44 47 0.847921
44 103 0.847527
44 126 0.847273
44 23 0.846880
45 46 0.858596
45 113 0.858084
45 43 0.856361
45 105 0.854881
45 78 0.854373
45 23 0.853970
45 5 0.853314
45 126 0.853283
45 16 0.853272
45 94 0.852992
46 113 0.864579
46 43 0.862815
46 105 0.862566
46 126 0.861147
46 5 0.860475
46 94 0.860151
46 78 0.860040
46 62 0.859567
46 23 0.859011
46 103 0.858930
47 113 0.858485
47 46 0.857306
47 5 0.853676
47 126 0.853670
47 43 0.853592
47 105 0.853358
47 111 0.853066
47 23 0.852831
47 94 0.852797
47 64 0.852711
48 113 0.855179
48 46 0.854166
48 43 0.853173
48 126 0.852546
48 16 0.851696
48 5 0.851645
48 78 0.851230
48 99 0.850651
48 103 0.850563
48 105 0.850502
49 46 0.852526
49 113 0.850880
49 7 0.848142
49 5 0.848011
49 23 0.847814
49 78 0.847788
49 43 0.847786
49 121 0.847543
49 51 0.847537
49 126 0.847442
50 46 0.851982
50 78 0.850173
50 113 0.849399
50 43 0.849369
50 16 0.849102
50 105 0.848560
50 126 0.848475
50 5 0.848398
50 103 0.848121
50 72 0.847479
51 46 0.858814
51 113 0.857266
51 78 0.856728
51 43 0.855777
51 105 0.854486
51 126 0.853865
51 62 0.852803
51 111 0.852644
51 94 0.852552
51 45 0.852479
52 46 0.850425
52 43 0.848741
52 113 0.846508
52 112 0.846403
52 105 0.845385
52 88 0.844851
52 78 0.844602
52 94 0.844147
52 111 0.843685
52 5 0.843614
53 46 0.852552
53 43 0.851497
53 105 0.851023
53 113 0.850321
53 103 0.849743
53 78 0.849489
53 126 0.849111
53 5 0.849004
53 112 0.848617
53 45 0.848613
54 46 0.855689
54 113 0.855658
54 43 0.855577
54 105 0.854784
54 78 0.854317
54 5 0.853558
54 126 0.852788
54 45 0.852106
54 103 0.852029
54 100 0.851868
55 43 0.852048
55 46 0.851500
55 105 0.848803
55 16 0.848774
55 126 0.848561
55 78 0.848417
55 121 0.847894
55 113 0.847888
55 51 0.846913
55 94 0.846729
56 46 0.857330
56 113 0.855737
56 126 0.853661
56 105 0.853219
56 43 0.852146
56 45 0.851243
56 17 0.851141
56 103 0.851036
56 62 0.850954
56 23 0.850947
57 113 0.857558
57 46 0.857072
57 126 0.853771
57 105 0.853339
57 17 0.852924
57 5 0.852645
57 115 0.851624
57 23 0.851442
57 45 0.851290
57 43 0.851178
58 5 0.848539
58 46 0.848339
58 113 0.848271
58 126 0.845930
58 103 0.845447
58 43 0.845351
58 111 0.845301
58 11 0.845199
58 105 0.844922
58 94 0.844899
59 113 0.852106
59 46 0.849188
59 118 0.847289
59 43 0.846820
59 5 0.846693
59 105 0.846629
59 126 0.846561
59 94 0.846313
59 45 0.846226
59 115 0.846080
60 113 0.850216
60 78 0.850101
60 46 0.849039
60 5 0.847911
60 43 0.847510
60 126 0.847203
60 105 0.847140
60 51 0.846331
60 41 0.846253
60 11 0.845914
61 46 0.853932
61 113 0.852923
61 78 0.852352
61 105 0.852041
61 126 0.851059
61 23 0.850006
61 1 0.849171
61 51 0.849034
61 43 0.848997
61 36 0.848941
62 113 0.859686
62 46 0.859567
62 126 0.855923
62 105 0.855232
62 43 0.854659
62 118 0.853454
62 1 0.853141
62 51 0.852803
62 5 0.852721
62 68 0.852578
63 113 0.854917
63 46 0.853911
63 43 0.851111
63 126 0.850919
63 105 0.850894
63 78 0.850518
63 45 0.850359
63 16 0.850062
63 23 0.849694
63 5 0.849368
64 46 0.857324
64 113 0.854945
64 43 0.853762
64 105 0.852766
64 47 0.852711
64 126 0.852507
64 99 0.851821
64 5 0.851188
64 103 0.850844
64 88 0.850661
65 113 0.846509
65 126 0.844807
65 105 0.844751
65 46 0.844314
65 17 0.844267
65 5 0.843796
65 118 0.843675
65 43 0.843001
65 98 0.842983
65 78 0.842585
66 113 0.856635
66 46 0.853561
66 78 0.853271
66 126 0.852878
66 5 0.852635
66 23 0.851915
66 45 0.851875
66 43 0.851785
66 115 0.851598
66 51 0.851390
67 46 0.846423
67 126 0.845119
67 113 0.844628
67 23 0.843818
67 43 0.843732
67 94 0.843186
67 105 0.843021
67 112 0.842814
67 45 0.842540
67 111 0.842134
68 113 0.857198
68 46 0.856999
68 126 0.854458
68 78 0.852927
68 62 0.852578
68 5 0.851857
68 105 0.851773
68 51 0.851417
68 23 0.851333
68 94 0.851220
69 113 0.852315
69 78 0.850916
69 5 0.850567
69 126 0.849287
69 46 0.848905
69 105 0.847798
69 99 0.847540
69 43 0.847451
69 11 0.847389
69 23 0.846770
70 5 0.852611
70 46 0.852196
70 113 0.851659
70 43 0.851413
70 78 0.850199
70 105 0.850185
70 126 0.849430
70 23 0.849329
70 47 0.849135
70 79 0.847984
71 46 0.849390
71 43 0.847661
71 113 0.846444
71 51 0.846173
71 78 0.845383
71 23 0.845115
71 5 0.844527
71 105 0.844384
71 126 0.844196
71 62 0.844053
72 46 0.857663
72 113 0.855420
72 105 0.854254
72 78 0.854038
72 43 0.853607
72 51 0.852469
72 62 0.852404
72 103 0.852049
72 5 0.851767
72 36 0.851288
73 113 0.855904
73 46 0.854773
73 43 0.851953
73 126 0.851562
73 78 0.851409
73 105 0.850978
73 79 0.849421
73 45 0.849299
73 99 0.849238
73 16 0.848616
74 113 0.854753
74 46 0.853580
74 43 0.853216
74 78 0.853038
74 126 0.852977
74 105 0.852809
74 5 0.852369
74 16 0.851337
74 103 0.850430
74 45 0.850125
75 43 0.849479
75 105 0.849374
75 78 0.848190
75 113 0.848047
75 126 0.847958
75 46 0.847410
75 47 0.846786
75 5 0.846432
75 23 0.846110
75 111 0.846074
76 113 0.856323
76 126 0.854709
76 46 0.853401
76 5 0.853049
76 98 0.852874
76 105 0.851928
76 17 0.851922
76 86 0.851653
76 62 0.850714
76 6 0.850438
77 113 0.853749
77 46 0.853715
77 43 0.853352
77 78 0.849719
77 94 0.849564
77 5 0.849283
77 105 0.849235
77 103 0.848910
77 118 0.848890
77 16 0.848718
78 46 0.860040
78 113 0.859992
78 105 0.859128
78 43 0.858566
78 5 0.857085
78 51 0.856728
78 126 0.855829
78 16 0.855716
78 100 0.855395
78 23 0.855353
79 43 0.855603
79 113 0.854854
79 46 0.854508
79 78 0.852515
79 16 0.852461
79 105 0.852195
79 45 0.851634
79 99 0.851374
79 126 0.851255
79 5 0.851063
80 113 0.850828
80 46 0.850246
80 105 0.849545
80 126 0.848713
80 43 0.847486
80 23 0.847165
80 5 0.847103
80 78 0.846812
80 103 0.846469
80 76 0.846277
81 46 0.850919
81 113 0.849777
81 43 0.848400
81 126 0.847400
81 105 0.846450
81 62 0.845985
81 51 0.845290
81 94 0.844845
81 78 0.844520
81 115 0.844405
82 46 0.847327
82 113 0.845684
82 43 0.844690
82 105 0.844647
82 126 0.843889
82 103 0.843760
82 5 0.843382
82 62 0.843382
82 72 0.843345
82 78 0.843193
83 46 0.850022
83 78 0.849723
83 105 0.849596
83 43 0.849112
83 113 0.849006
83 5 0.848761
83 103 0.847971
83 100 0.847283
83 126 0.847190
83 16 0.846895
84 43 0.840289
84 113 0.838330
84 46 0.838026
84 105 0.837918
84 5 0.837633
84 16 0.837576
84 78 0.836999
84 54 0.836707
84 41 0.835975
84 6 0.835309
85 46 0.857766
85 113 0.856717
85 105 0.854725
85 78 0.854077
85 126 0.853761
85 43 0.853614
85 5 0.852811
85 62 0.851922
85 111 0.851479
85 72 0.850871
86 113 0.857778
86 46 0.855584
86 5 0.855364
86 126 0.854803
86 105 0.854671
86 17 0.853070
86 1 0.852992
86 43 0.852363
86 23 0.852067
86 76 0.851653
87 113 0.849903
87 46 0.848683
87 43 0.848591
87 126 0.845859
87 51 0.845804
87 105 0.845504
87 111 0.845020
87 115 0.844345
87 23 0.844230
87 78 0.844190
88 46 0.855881
88 43 0.854341
88 113 0.853534
88 105 0.853446
88 78 0.853189
88 5 0.852218
88 1 0.851730
88 26 0.851412
88 64 0.850661
88 47 0.850476
89 46 0.848404
89 78 0.847542
89 43 0.847160
89 113 0.847103
89 25 0.845368
89 105 0.845020
89 94 0.844812
89 112 0.844597
89 5 0.844339
89 54 0.843976
90 113 0.844246
90 43 0.843687
90 46 0.843561
90 16 0.841752
90 94 0.841493
90 78 0.841282
90 105 0.840378
90 23 0.840048
90 25 0.840018
90 45 0.840009
91 113 0.850603
91 46 0.849755
91 1 0.847579
91 62 0.846854
91 43 0.846798
91 126 0.846792
91 6 0.846449
91 105 0.846288
91 78 0.846123
91 51 0.845664
92 105 0.854136
92 46 0.853937
92 43 0.853053
92 16 0.851449
92 113 0.851128
92 45 0.851059
92 78 0.850990
92 126 0.850402
92 103 0.849920
92 23 0.849650
93 113 0.852122
93 46 0.851920
93 47 0.850453
93 105 0.849986
93 78 0.849896
93 43 0.849870
93 5 0.849073
93 45 0.848694
93 111 0.848664
93 126 0.848013
94 113 0.860289
94 46 0.860151
94 105 0.856823
94 43 0.856021
94 126 0.855631
94 78 0.855328
94 5 0.854507
94 23 0.853829
94 111 0.853700
94 16 0.853151
95 46 0.852897
95 43 0.851412
95 105 0.850568
95 113 0.850549
95 88 0.848112
95 47 0.847865
95 126 0.847742
95 1 0.847226
95 45 0.847040
95 54 0.846992
96 46 0.855026
96 113 0.853534
96 43 0.853336
96 126 0.852739
96 78 0.852221
96 105 0.851511
96 16 0.851059
96 99 0.850283
96 5 0.850161
96 23 0.849828
97 113 0.856114
97 46 0.852536
97 43 0.852050
97 78 0.851391
97 105 0.851261
97 126 0.851258
97 111 0.849689
97 94 0.849171
97 5 0.849130
97 66 0.848729
98 113 0.856729
98 46 0.856079
98 105 0.855361
98 17 0.853511
98 76 0.852874
98 5 0.852466
98 43 0.851457
98 86 0.851435
98 62 0.851350
98 118 0.851304
99 113 0.858672
99 46 0.856606
99 43 0.855380
99 126 0.855185
99 105 0.853849
99 78 0.853670
99 16 0.852716
99 64 0.851821
99 5 0.851649
99 51 0.851530
100 46 0.857727
100 43 0.856314
100 113 0.855987
100 78 0.855395
100 105 0.854597
100 5 0.852328
100 51 0.851968
100 54 0.851868
100 126 0.851562
100 99 0.851331
101 113 0.852393
101 46 0.851140
101 105 0.850715
101 78 0.849004
101 43 0.848937
101 126 0.848683
101 5 0.847284
101 51 0.847248
101 62 0.846930
101 1 0.846781
102 46 0.846076
102 113 0.845166
102 43 0.843833
102 105 0.843672
102 45 0.843270
102 78 0.842876
102 1 0.842803
102 23 0.842367
102 126 0.841490
102 16 0.841264
103 46 0.858930
103 43 0.856883
103 105 0.856211
103 5 0.855874
103 113 0.855680
103 126 0.853927
103 16 0.853741
103 78 0.853462
103 94 0.852962
103 45 0.852769
104 113 0.853635
104 46 0.851780
104 126 0.849716
104 62 0.849285
104 43 0.848383
104 99 0.847661
104 47 0.847428
104 51 0.847293
104 94 0.846474
104 23 0.846184
105 46 0.862566
105 113 0.860783
105 43 0.860141
105 78 0.859128
105 126 0.858916
105 5 0.857036
105 94 0.856823
105 16 0.856754
105 103 0.856211
105 23 0.856059
106 113 0.853027
106 46 0.851334
106 43 0.850572
106 126 0.850253
106 78 0.850118
106 105 0.850068
106 45 0.849323
106 79 0.849202
106 16 0.848795
106 5 0.848469
107 46 0.853190
107 43 0.851332
107 113 0.851081
107 5 0.849567
107 105 0.848903
107 103 0.848849
107 45 0.848523
107 78 0.848281
107 94 0.847765
107 1 0.847721
108 46 0.844473
108 43 0.843888
108 105 0.843830
108 113 0.842536
108 1 0.842525
108 126 0.842236
108 23 0.842048
108 5 0.841330
108 54 0.840616
108 16 0.840358
109 46 0.846930
109 43 0.846018
109 78 0.845896
109 105 0.844244
109 113 0.843863
109 16 0.842361
109 118 0.841895
109 100 0.841414
109 23 0.841275
109 51 0.841159
110 113 0.850660
110 46 0.850526
110 43 0.849466
110 105 0.848184
110 5 0.847911
110 45 0.847687
110 103 0.846337
110 1 0.845882
110 54 0.845780
110 94 0.845537
111 113 0.859544
111 46 0.857622
111 126 0.856662
111 105 0.855313
111 78 0.853749
111 94 0.853700
111 43 0.853466
111 5 0.853326
111 47 0.853066
111 23 0.853057
112 46 0.858774
112 43 0.856277
112 113 0.855405
112 126 0.853648
112 5 0.853535
112 105 0.852983
112 94 0.852219
112 45 0.851733
112 103 0.851654
112 78 0.851499
113 46 0.864579
113 126 0.862329
113 5 0.860882
113 105 0.860783
113 94 0.860289
113 78 0.859992
113 62 0.859686
113 111 0.859544
113 43 0.859355
113 1 0.859107
114 113 0.848809
114 46 0.848054
114 78 0.847933
114 105 0.847435
114 45 0.846525
114 66 0.846434
114 43 0.846269
114 23 0.846068
114 98 0.845926
114 5 0.845905
115 113 0.859018
115 46 0.856608
115 105 0.855586
115 43 0.855112
115 126 0.854325
115 78 0.854056
115 5 0.853796
115 23 0.852339
115 16 0.852125
115 57 0.851624
116 113 0.855249
116 46 0.853550
116 78 0.851768
116 43 0.851129
116 126 0.851099
116 105 0.850750
116 5 0.850486
116 47 0.849512
116 6 0.849150
116 86 0.848861
117 113 0.854159
117 46 0.852100
117 43 0.849476
117 45 0.848274
117 126 0.847910
117 105 0.847855
117 62 0.847529
117 5 0.847333
117 103 0.847015
117 72 0.846037
118 46 0.857418
118 113 0.856261
118 105 0.855586
118 43 0.854486
118 62 0.853454
118 126 0.853022
118 94 0.851953
118 103 0.851820
118 5 0.851667
118 98 0.851304
119 113 0.845924
119 46 0.844104
119 126 0.843514
119 5 0.842839
119 17 0.842363
119 45 0.842075
119 105 0.842003
119 43 0.841974
119 56 0.841374
119 23 0.841373
120 113 0.852721
120 46 0.851094
120 43 0.848373
120 105 0.847670
120 78 0.846883
120 99 0.846593
120 23 0.846386
120 126 0.846293
120 45 0.846262
120 7 0.846241
121 46 0.853762
121 113 0.853138
121 78 0.852290
121 126 0.851594
121 111 0.851544
121 43 0.851437
121 51 0.851062
121 47 0.850362
121 88 0.850330
121 23 0.850242
122 113 0.843844
122 46 0.842789
122 78 0.842360
122 43 0.842340
122 105 0.841718
122 72 0.840887
122 11 0.840448
122 51 0.840435
122 45 0.839814
122 103 0.839712
123 46 0.853201
123 43 0.850252
123 112 0.848882
123 113 0.848786
123 105 0.847968
123 88 0.847727
123 126 0.847626
123 94 0.847408
123 47 0.847339
123 78 0.847024
124 46 0.853582
124 43 0.851959
124 113 0.851942
124 78 0.851290
124 126 0.850434
124 5 0.849675
124 112 0.849282
124 105 0.849100
124 103 0.848768
124 121 0.848454
125 46 0.855153
125 113 0.852350
125 43 0.852155
125 78 0.850320
125 105 0.849968
125 126 0.849411
125 62 0.848706
125 5 0.848693
125 45 0.848535
125 94 0.848461
126 113 0.862329
126 46 0.861147
126 105 0.858916
126 5 0.857607
126 23 0.857458
126 43 0.856845
126 111 0.856662
126 62 0.855923
126 78 0.855829
126 94 0.855631
127 113 0.850565
127 43 0.846667
127 99 0.846275
127 46 0.846090
127 78 0.845963
127 1 0.845695
127 126 0.845413
127 105 0.845280
127 5 0.844726
127 16 0.844633
