0 2 0.849203
0 5 0.846635
0 51 0.846526
0 46 0.846493
0 35 0.846123
0 107 0.845931
0 41 0.845624
0 88 0.845383
0 92 0.844871
0 90 0.844688
1 88 0.850541
1 51 0.848215
1 41 0.847806
1 2 0.847675
1 5 0.847219
1 116 0.845557
1 26 0.844953
1 118 0.844363
1 50 0.843426
1 95 0.843283
2 41 0.873231
2 88 0.872202
2 35 0.868643
2 51 0.866907
2 90 0.866686
2 116 0.866684
2 127 0.866659
2 50 0.865812
2 107 0.864555
2 95 0.863860
3 118 0.857497
3 34 0.857477
3 41 0.855642
3 95 0.855330
3 116 0.855155
3 25 0.854211
3 49 0.854169
3 65 0.854037
3 51 0.853622
3 107 0.853229
4 92 0.843608
4 35 0.842583
4 27 0.841868
4 80 0.841288
4 41 0.841034
4 21 0.839550
4 39 0.839303
4 2 0.839242
4 107 0.839229
4 46 0.838958
5 88 0.863502
5 41 0.861663
5 2 0.861347
5 51 0.860125
5 49 0.857605
5 107 0.857393
5 116 0.857175
5 95 0.857105
5 50 0.856963
5 127 0.856928
6 2 0.858364
6 51 0.858010
6 90 0.856467
6 88 0.855868
6 35 0.855048
6 65 0.854855
6 34 0.854752
6 107 0.854646
6 49 0.854368
6 127 0.853921
7 49 0.858278
7 35 0.858126
7 37 0.857795
7 90 0.857790
7 127 0.857409
7 95 0.857390
7 34 0.857090
7 2 0.856984
7 41 0.856342
7 88 0.855975
8 95 0.860746
8 2 0.860729
8 41 0.860685
8 51 0.859791
8 26 0.858470
8 35 0.858431
8 90 0.858026
8 118 0.857966
8 49 0.857801
8 107 0.857700
9 88 0.847742
9 34 0.845059
9 116 0.843526
9 41 0.843271
9 51 0.842405
9 118 0.840490
9 2 0.840264
9 104 0.839984
9 5 0.839851
9 49 0.839643
10 88 0.859000
10 51 0.858958
10 2 0.858889
10 41 0.858517
10 65 0.855708
10 116 0.854541
10 90 0.854372
10 26 0.854142
10 35 0.853769
10 54 0.853387
11 41 0.860897
11 2 0.856569
11 118 0.855894
11 95 0.855783
11 35 0.855467
11 88 0.854933
11 14 0.854608
11 34 0.854490
11 51 0.854083
11 26 0.853546
12 46 0.847959
12 54 0.847394
12 49 0.847356
12 88 0.846835
12 41 0.846191
12 51 0.846118
12 35 0.845545
12 104 0.845014
12 26 0.844791
12 101 0.844780
13 60 0.855211
13 34 0.854845
13 88 0.854017
13 56 0.851552
13 67 0.851408
13 116 0.850685
13 2 0.850209
13 7 0.849301
13 49 0.849073
13 51 0.848867
14 37 0.861477
14 51 0.859124
14 35 0.859090
14 88 0.858795
14 48 0.858614
14 41 0.857967
14 65 0.857895
14 95 0.857127
14 46 0.856572
14 2 0.855911
15 2 0.853629
15 51 0.853450
15 41 0.852818
15 95 0.852717
15 88 0.852661
15 50 0.851656
15 104 0.851412
15 127 0.850987
15 116 0.850740
15 35 0.850253
16 41 0.850057
16 95 0.849943
16 50 0.849473
16 88 0.848894
16 127 0.848658
16 2 0.847272
16 60 0.847144
16 118 0.846061
16 40 0.845944
16 51 0.845870
17 88 0.852884
17 51 0.851428
17 116 0.848121
17 2 0.847252
17 54 0.847229
17 41 0.847212
17 49 0.846883
17 5 0.846313
17 118 0.845895
17 46 0.845682
18 88 0.860071
18 2 0.858875
18 51 0.858084
18 41 0.858008
18 116 0.856709
18 50 0.855341
18 49 0.854192
18 60 0.854061
18 127 0.853865
18 95 0.853832
19 88 0.844346
19 51 0.839873
19 18 0.839568
19 60 0.839113
19 59 0.839094
19 101 0.839037
19 44 0.838845
19 116 0.838537
19 14 0.838196
19 56 0.837231
20 88 0.850232
20 2 0.849647
20 51 0.847209
20 116 0.846865
20 124 0.846252
20 60 0.845407
20 118 0.844870
20 41 0.844579
20 5 0.844223
20 13 0.844111
21 95 0.855933
21 51 0.855517
21 88 0.855448
21 116 0.855123
21 118 0.855058
21 34 0.854026
21 41 0.853263
21 54 0.852919
21 52 0.852418
21 2 0.852404
22 88 0.852360
22 127 0.852279
22 41 0.848748
22 50 0.848465
22 60 0.848459
22 116 0.848376
22 95 0.848017
22 56 0.848004
22 118 0.847239
22 49 0.846433
23 88 0.854824
23 51 0.854374
23 127 0.852249
23 95 0.851794
23 49 0.851645
23 2 0.851257
23 90 0.851204
23 65 0.851079
23 104 0.850510
23 34 0.849879
24 88 0.852870
24 51 0.851264
24 41 0.850038
24 70 0.849725
24 2 0.849682
24 127 0.849180
24 35 0.849160
24 49 0.848865
24 95 0.848835
24 107 0.848759
25 95 0.858142
25 107 0.857576
25 51 0.857525
25 34 0.856966
25 41 0.856516
25 90 0.856226
25 37 0.856030
25 49 0.855928
25 118 0.855236
25 88 0.855126
26 41 0.866174
26 88 0.864197
26 2 0.863361
26 51 0.863277
26 35 0.861898
26 95 0.861572
26 118 0.861254
26 90 0.860618
26 49 0.859824
26 65 0.859444
27 2 0.854033
27 41 0.852030
27 51 0.851390
27 35 0.850620
27 116 0.850339
27 26 0.850215
27 65 0.850166
27 90 0.849985
27 92 0.849893
27 88 0.849405
28 127 0.840031
28 2 0.837423
28 35 0.836934
28 95 0.836344
28 88 0.836235
28 51 0.835292
28 41 0.835146
28 34 0.834889
28 5 0.834122
28 90 0.834105
29 51 0.853469
29 49 0.852109
29 7 0.851365
29 95 0.850445
29 88 0.850305
29 65 0.849708
29 118 0.849187
29 54 0.848797
29 35 0.848471
29 34 0.848299
30 41 0.851929
30 2 0.849123
30 116 0.848617
30 11 0.848069
30 5 0.847854
30 88 0.847501
30 51 0.846843
30 95 0.846262
30 118 0.846248
30 46 0.846210
31 41 0.854178
31 95 0.853126
31 101 0.853110
31 37 0.852639
31 35 0.852606
31 118 0.852322
31 90 0.852282
31 65 0.852277
31 88 0.852161
31 51 0.852102
32 95 0.850035
32 88 0.849175
32 118 0.848811
32 41 0.848006
32 116 0.847925
32 35 0.847326
32 2 0.846793
32 50 0.846631
32 51 0.846535
32 104 0.846493
33 88 0.848194
33 41 0.845883
33 34 0.844910
33 14 0.844877
33 116 0.844592
33 2 0.844518
33 35 0.844319
33 37 0.844047
33 101 0.843172
33 7 0.842940
34 88 0.866903
34 41 0.863793
34 2 0.863743
34 51 0.863262
34 118 0.863105
34 49 0.862702
34 116 0.862496
34 95 0.861345
34 107 0.861299
34 35 0.860923
35 2 0.868643
35 41 0.868237
35 88 0.865701
35 127 0.865388
35 90 0.863554
35 95 0.863317
35 37 0.862434
35 46 0.862152
35 51 0.861961
35 26 0.861898
36 37 0.857210
36 41 0.855778
36 35 0.855056
36 14 0.854258
36 2 0.853868
36 65 0.853448
36 48 0.851577
36 8 0.851239
36 107 0.851222
36 51 0.850977
37 41 0.864750
37 95 0.863295
37 35 0.862434
37 65 0.861618
37 14 0.861477
37 90 0.861294
37 51 0.860985
37 107 0.860536
37 2 0.860425
37 88 0.860095
38 50 0.857929
38 88 0.857555
38 41 0.856659
38 2 0.856457
38 116 0.855917
38 51 0.855569
38 95 0.854675
38 127 0.854611
38 35 0.853525
38 90 0.852745
39 41 0.850698
39 88 0.847050
39 107 0.846972
39 95 0.846718
39 116 0.846559
39 49 0.846347
39 117 0.845286
39 50 0.845262
39 118 0.845246
39 51 0.844784
40 41 0.861313
40 88 0.860306
40 2 0.859240
40 49 0.858621
40 107 0.858204
40 51 0.858181
40 90 0.856233
40 37 0.855930
40 65 0.855209
40 127 0.855096
41 2 0.873231
41 88 0.872649
41 50 0.869124
41 118 0.868373
41 127 0.868339
41 35 0.868237
41 116 0.867688
41 51 0.867106
41 95 0.866749
41 107 0.866559
42 88 0.853397
42 116 0.853204
42 41 0.852973
42 51 0.852037
42 60 0.851324
42 50 0.850974
42 95 0.850738
42 118 0.850075
42 2 0.849902
42 44 0.849821
43 34 0.852302
43 88 0.850811
43 51 0.848616
43 127 0.847961
43 65 0.847726
43 49 0.847688
43 37 0.847386
43 56 0.847055
43 54 0.846935
43 95 0.846388
44 88 0.855504
44 60 0.854082
44 50 0.854000
44 95 0.853712
44 78 0.852934
44 41 0.852629
44 18 0.852582
44 49 0.852124
44 2 0.851688
44 123 0.851632
45 88 0.849265
45 41 0.848901
45 34 0.847773
45 51 0.846991
45 2 0.846532
45 65 0.846025
45 118 0.845904
45 116 0.845685
45 26 0.845055
45 54 0.844923
46 41 0.862230
46 35 0.862152
46 88 0.860515
46 2 0.859231
46 118 0.859053
46 54 0.858798
46 51 0.858480
46 95 0.858392
46 34 0.858017
46 92 0.857335
47 88 0.843756
47 26 0.843187
47 41 0.842116
47 11 0.841640
47 35 0.841555
47 103 0.841278
47 34 0.840721
47 46 0.839960
47 21 0.839883
47 86 0.839820
48 51 0.860725
48 41 0.860101
48 37 0.859537
48 2 0.858985
48 90 0.858731
48 107 0.858709
48 14 0.858614
48 65 0.857367
48 95 0.856280
48 88 0.855927
49 88 0.867050
49 51 0.865195
49 41 0.864212
49 118 0.862841
49 34 0.862702
49 95 0.862603
49 127 0.862446
49 90 0.862444
49 107 0.862416
49 2 0.861762
50 41 0.869124
50 88 0.867416
50 2 0.865812
50 127 0.862643
50 116 0.862256
50 95 0.862080
50 35 0.861417
50 51 0.861118
50 118 0.860500
50 49 0.858282
51 88 0.869218
51 41 0.867106
51 2 0.866907
51 95 0.866824
51 90 0.866245
51 65 0.866108
51 49 0.865195
51 118 0.864387
51 54 0.863906
51 116 0.863617
52 95 0.858015
52 34 0.857540
52 37 0.856747
52 51 0.855824
52 88 0.854924
52 118 0.854908
52 41 0.854815
52 65 0.854510
52 107 0.853626
52 116 0.853437
53 41 0.858987
53 88 0.858952
53 107 0.857887
53 49 0.857496
53 118 0.856546
53 127 0.855578
53 51 0.855129
53 5 0.853965
53 2 0.853800
53 95 0.853609
54 88 0.864692
54 51 0.863906
54 34 0.860747
54 41 0.860209
54 118 0.859790
54 49 0.859644
54 116 0.859182
54 95 0.859087
54 46 0.858798
54 104 0.858492
55 88 0.835050
55 51 0.832083
55 104 0.831206
55 5 0.831057
55 46 0.831056
55 14 0.830570
55 106 0.829251
55 54 0.828504
55 69 0.828155
55 9 0.827971
56 88 0.859745
56 34 0.856504
56 127 0.856025
56 49 0.855891
56 60 0.854853
56 41 0.854399
56 51 0.854300
56 118 0.853864
56 116 0.853764
56 95 0.853173
57 41 0.848357
57 107 0.846769
57 51 0.845520
57 88 0.845345
57 44 0.845100
57 26 0.845077
57 127 0.844723
57 118 0.844389
57 2 0.844146
57 95 0.844080
58 95 0.858211
58 41 0.856607
58 51 0.855894
58 35 0.854330
58 50 0.853921
58 37 0.853838
58 90 0.853719
58 2 0.853688
58 118 0.853668
58 116 0.852589
59 88 0.856404
59 41 0.854488
59 65 0.854387
59 2 0.853747
59 104 0.853360
59 51 0.853204
59 116 0.853068
59 35 0.853024
59 103 0.852844
59 34 0.852399
60 88 0.861087
60 51 0.859336
60 95 0.857552
60 116 0.857450
60 49 0.856015
60 118 0.855446
60 13 0.855211
60 56 0.854853
60 34 0.854797
60 50 0.854767
61 51 0.851314
61 41 0.851140
61 95 0.850329
61 90 0.850304
61 2 0.850252
61 88 0.849267
61 49 0.848733
61 26 0.848566
61 37 0.847597
61 118 0.847254
62 90 0.853486
62 48 0.853103
62 51 0.852763
62 107 0.852549
62 40 0.852329
62 49 0.852142
62 41 0.851855
62 26 0.851325
62 88 0.851160
62 2 0.850611
63 2 0.849765
63 41 0.847494
63 88 0.847133
63 49 0.846242
63 51 0.845566
63 8 0.845086
63 35 0.844998
63 118 0.844727
63 65 0.844292
63 34 0.844235
64 41 0.842547
64 51 0.841895
64 88 0.841530
64 118 0.841204
64 95 0.840538
64 127 0.840151
64 5 0.839759
64 65 0.839141
64 117 0.839141
64 49 0.838845
65 51 0.866108
65 41 0.864497
65 95 0.863407
65 88 0.863383
65 2 0.862777
65 118 0.862568
65 37 0.861618
65 90 0.861603
65 35 0.861596
65 34 0.860805
66 95 0.853255
66 51 0.852682
66 88 0.851793
66 65 0.851461
66 60 0.851441
66 116 0.851411
66 50 0.851284
66 118 0.851034
66 127 0.849397
66 34 0.848811
67 88 0.860978
67 2 0.860171
67 41 0.858125
67 51 0.857411
67 116 0.857259
67 14 0.855612
67 34 0.855557
67 127 0.855282
67 65 0.854824
67 90 0.854695
68 41 0.841857
68 88 0.841169
68 116 0.840703
68 51 0.840366
68 76 0.840270
68 107 0.840254
68 3 0.840109
68 118 0.839807
68 117 0.839493
68 56 0.839351
69 51 0.858501
69 88 0.856212
69 34 0.852896
69 2 0.852877
69 118 0.852667
69 95 0.852598
69 65 0.852379
69 41 0.852271
69 116 0.852186
69 54 0.851791
70 88 0.860170
70 51 0.859628
70 26 0.856516
70 41 0.856245
70 2 0.856022
70 49 0.854575
70 90 0.853262
70 107 0.852937
70 34 0.852721
70 118 0.852173
71 2 0.857671
71 88 0.856768
71 51 0.856680
71 41 0.855678
71 95 0.854416
71 34 0.852925
71 116 0.852754
71 107 0.852246
71 118 0.852131
71 90 0.851875
72 35 0.843863
72 104 0.843790
72 51 0.843057
72 65 0.842777
72 92 0.842623
72 88 0.842153
72 36 0.841876
72 49 0.841851
72 14 0.841769
72 90 0.841457
73 51 0.847513
73 88 0.845176
73 65 0.843832
73 84 0.843483
73 90 0.843117
73 49 0.843094
73 34 0.841933
73 2 0.841759
73 48 0.841378
73 41 0.840880
74 88 0.855478
74 49 0.853357
74 107 0.853047
74 56 0.851720
74 127 0.851710
74 34 0.850815
74 40 0.850416
74 51 0.849631
74 41 0.849110
74 90 0.848895
75 88 0.851255
75 51 0.849063
75 49 0.848046
75 34 0.847726
75 2 0.847506
75 41 0.847396
75 101 0.845588
75 116 0.845321
75 117 0.844992
75 65 0.844717
76 107 0.856262
76 88 0.855345
76 2 0.854819
76 41 0.854770
76 34 0.854736
76 51 0.854011
76 95 0.853698
76 118 0.852694
76 54 0.852685
76 49 0.852576
77 35 0.853045
77 107 0.851607
77 2 0.851394
77 46 0.850986
77 88 0.850980
77 41 0.850076
77 92 0.848455
77 90 0.848318
77 95 0.848188
77 49 0.848081
78 44 0.852934
78 88 0.851124
78 56 0.850941
78 127 0.849723
78 60 0.848227
78 49 0.847840
78 95 0.847717
78 37 0.846503
78 107 0.845200
78 7 0.845196
79 65 0.855664
79 41 0.855395
79 88 0.854608
79 51 0.854592
79 2 0.854519
79 90 0.853270
79 127 0.852960
79 49 0.852746
79 35 0.852405
79 107 0.852090
80 2 0.851986
80 95 0.850953
80 41 0.849935
80 90 0.849726
80 8 0.849124
80 107 0.848857
80 51 0.848771
80 26 0.848658
80 35 0.848531
80 88 0.848331
81 88 0.843075
81 51 0.841609
81 116 0.840140
81 34 0.838434
81 69 0.838258
81 104 0.838085
81 5 0.837987
81 54 0.837805
81 60 0.837009
81 2 0.836510
82 51 0.851232
82 95 0.849075
82 37 0.848511
82 41 0.848422
82 88 0.848053
82 116 0.847948
82 104 0.847081
82 65 0.847039
82 58 0.846520
82 34 0.846302
83 49 0.858142
83 107 0.858129
83 90 0.857729
83 41 0.857695
83 51 0.857496
83 88 0.856987
83 95 0.856562
83 37 0.855616
83 2 0.855343
83 40 0.855059
84 51 0.860446
84 88 0.858175
84 34 0.856821
84 90 0.856394
84 49 0.855541
84 41 0.854930
84 107 0.854806
84 95 0.854572
84 2 0.854358
84 14 0.854174
85 88 0.840513
85 18 0.839058
85 49 0.838878
85 44 0.836376
85 5 0.836295
85 83 0.835955
85 107 0.835656
85 41 0.835597
85 56 0.835006
85 51 0.834835
86 88 0.854624
86 41 0.854348
86 2 0.853993
86 26 0.852796
86 35 0.852120
86 51 0.850066
86 95 0.849976
86 127 0.849376
86 8 0.849309
86 116 0.849296
87 127 0.849978
87 41 0.849223
87 88 0.848137
87 107 0.847801
87 51 0.847253
87 95 0.846416
87 49 0.846286
87 2 0.845691
87 34 0.845085
87 90 0.845054
88 41 0.872649
88 2 0.872202
88 51 0.869218
88 116 0.869019
88 127 0.867671
88 50 0.867416
88 49 0.867050
88 34 0.866903
88 35 0.865701
88 118 0.865525
89 41 0.846863
89 127 0.846010
89 50 0.845835
89 26 0.845373
89 35 0.845301
89 95 0.843188
89 2 0.842587
89 118 0.841559
89 88 0.841037
89 49 0.840746
90 2 0.866686
90 51 0.866245
90 41 0.864150
90 35 0.863554
90 88 0.863547
90 107 0.863440
90 95 0.863046
90 49 0.862444
90 65 0.861603
90 37 0.861294
91 34 0.851352
91 88 0.850822
91 107 0.846777
91 49 0.846179
91 41 0.846049
91 118 0.845956
91 53 0.845563
91 51 0.845463
91 127 0.845300
91 5 0.844812
92 35 0.858241
92 46 0.857335
92 2 0.856819
92 51 0.856374
92 104 0.855726
92 34 0.855534
92 41 0.855090
92 95 0.854257
92 88 0.854191
92 118 0.853298
93 88 0.853452
93 34 0.852059
93 116 0.851063
93 41 0.849441
93 2 0.848994
93 51 0.848720
93 54 0.848391
93 118 0.848379
93 37 0.847981
93 95 0.847195
94 41 0.857530
94 95 0.856836
94 51 0.856620
94 35 0.855674
94 2 0.855102
94 65 0.855082
94 37 0.854099
94 50 0.853943
94 88 0.853697
94 90 0.852591
95 51 0.866824
95 41 0.866749
95 118 0.865802
95 2 0.863860
95 88 0.863604
95 127 0.863518
95 65 0.863407
95 35 0.863317
95 37 0.863295
95 90 0.863046
96 88 0.859324
96 51 0.858538
96 2 0.855472
96 116 0.854442
96 41 0.854132
96 90 0.854054
96 34 0.853220
96 107 0.852991
96 49 0.852749
96 95 0.852562
97 44 0.831385
97 107 0.828384
97 88 0.828352
97 5 0.827323
97 41 0.826591
97 13 0.826583
97 2 0.826401
97 76 0.826391
97 80 0.825767
97 1 0.825765
98 2 0.849927
98 88 0.849889
98 127 0.849569
98 116 0.849533
98 50 0.848969
98 41 0.848660
98 95 0.848299
98 35 0.847260
98 107 0.846745
98 44 0.846325
99 41 0.853163
99 37 0.852936
99 88 0.852443
99 48 0.852292
99 18 0.852077
99 116 0.851262
99 107 0.851135
99 51 0.850984
99 54 0.850850
99 34 0.850570
100 88 0.854274
100 2 0.853037
100 51 0.851510
100 127 0.851214
100 34 0.849636
100 90 0.849591
100 41 0.849558
100 67 0.849534
100 107 0.849073
100 65 0.848890
101 88 0.863855
101 41 0.862414
101 51 0.860405
101 95 0.859585
101 35 0.859124
101 49 0.858730
101 2 0.858624
101 26 0.858302
101 118 0.858230
101 34 0.857755
102 41 0.852350
102 118 0.848919
102 51 0.848425
102 26 0.848088
102 50 0.847479
102 95 0.847331
102 88 0.847031
102 49 0.846644
102 2 0.846372
102 11 0.845990
103 88 0.855973
103 41 0.855870
103 51 0.855752
103 2 0.855711
103 26 0.855402
103 35 0.853428
103 59 0.852844
103 49 0.852813
103 65 0.852155
103 18 0.851872
104 88 0.862417
104 51 0.861038
104 116 0.859761
104 95 0.859235
104 35 0.859200
104 54 0.858492
104 34 0.858452
104 65 0.858451
104 41 0.858435
104 2 0.857916
105 90 0.852142
105 2 0.851170
105 51 0.849943
105 107 0.848973
105 83 0.848035
105 88 0.847587
105 40 0.847170
105 34 0.847138
105 49 0.846901
105 37 0.846702
106 51 0.859680
106 88 0.856656
106 95 0.856639
106 34 0.856405
106 2 0.855573
106 54 0.855472
106 90 0.855424
106 65 0.855407
106 107 0.854900
106 49 0.854709
107 41 0.866559
107 2 0.864555
107 90 0.863440
107 88 0.862458
107 51 0.862453
107 49 0.862416
107 127 0.861845
107 34 0.861299
107 95 0.861044
107 37 0.860536
108 90 0.847069
108 41 0.846210
108 2 0.845675
108 51 0.845009
108 95 0.844317
108 127 0.844038
108 49 0.843934
108 26 0.843416
108 35 0.843139
108 118 0.843054
109 88 0.856463
109 2 0.852991
109 54 0.852624
109 51 0.852311
109 104 0.852238
109 35 0.851483
109 46 0.851121
109 41 0.851084
109 34 0.849709
109 103 0.849642
110 51 0.851711
110 95 0.850727
110 49 0.850265
110 65 0.850067
110 90 0.850045
110 2 0.849234
110 104 0.849067
110 35 0.848946
110 41 0.848945
110 7 0.848633
111 41 0.851459
111 88 0.850891
111 51 0.849730
111 5 0.847414
111 116 0.847321
111 118 0.846984
111 50 0.846576
111 49 0.846089
111 2 0.846077
111 26 0.845734
112 38 0.848541
112 35 0.843305
112 41 0.842419
112 2 0.842208
112 50 0.839405
112 88 0.839312
112 116 0.838264
112 90 0.837862
112 14 0.837557
112 37 0.837551
113 51 0.860596
113 88 0.858605
113 41 0.857384
113 127 0.857227
113 49 0.856895
113 2 0.856567
113 34 0.855123
113 90 0.854697
113 26 0.854331
113 65 0.854296
114 41 0.856428
114 88 0.855964
114 116 0.855266
114 51 0.855163
114 107 0.853891
114 2 0.853832
114 49 0.853728
114 118 0.853238
114 95 0.853003
114 5 0.852515
115 88 0.848743
115 34 0.846506
115 51 0.846344
115 49 0.846166
115 104 0.846138
115 116 0.845716
115 2 0.845437
115 107 0.844681
115 92 0.844677
115 118 0.844481
116 88 0.869019
116 41 0.867688
116 2 0.866684
116 51 0.863617
116 118 0.863365
116 34 0.862496
116 95 0.862265
116 50 0.862256
116 65 0.860257
116 104 0.859761
117 51 0.858357
117 49 0.857438
117 41 0.856845
117 88 0.856403
117 107 0.856240
117 95 0.855917
117 118 0.855661
117 34 0.854561
117 5 0.854322
117 65 0.853331
118 41 0.868373
118 95 0.865802
118 88 0.865525
118 51 0.864387
118 116 0.863365
118 2 0.863240
118 34 0.863105
118 49 0.862841
118 65 0.862568
118 26 0.861254
119 88 0.848810
119 51 0.848346
119 2 0.846123
119 124 0.844935
119 90 0.844909
119 41 0.844811
119 54 0.844489
119 37 0.844240
119 38 0.843445
119 107 0.843183
120 88 0.849502
120 60 0.845750
120 50 0.845590
120 116 0.845150
120 56 0.843745
120 38 0.843699
120 51 0.843521
120 67 0.843408
120 44 0.842987
120 78 0.842839
121 124 0.846472
121 88 0.845980
121 2 0.844640
121 35 0.842540
121 41 0.842018
121 51 0.841782
121 50 0.841547
121 116 0.841131
121 107 0.840776
121 90 0.840466
122 88 0.844166
122 51 0.843847
122 41 0.843822
122 2 0.843496
122 90 0.842011
122 65 0.841078
122 26 0.840771
122 35 0.840215
122 95 0.840033
122 107 0.839889
123 2 0.852727
123 41 0.852429
123 44 0.851632
123 107 0.850908
123 88 0.849685
123 50 0.849460
123 60 0.847888
123 95 0.847596
123 116 0.847595
123 8 0.846621
124 88 0.859993
124 2 0.858176
124 51 0.858096
124 35 0.857578
124 65 0.857181
124 41 0.855895
124 90 0.855793
124 37 0.855326
124 95 0.854826
124 116 0.854236
125 51 0.855178
125 34 0.853322
125 95 0.853279
125 107 0.852997
125 37 0.852411
125 65 0.852287
125 41 0.852094
125 90 0.851385
125 127 0.851331
125 35 0.851014
126 11 0.848765
126 41 0.847817
126 35 0.845020
126 26 0.844723
126 65 0.844490
126 103 0.843795
126 14 0.843512
126 37 0.843441
126 95 0.842996
126 127 0.842574
127 41 0.868339
127 88 0.867671
127 2 0.866660
127 35 0.865388
127 95 0.863518
127 51 0.862990
127 50 0.862643
127 49 0.862446
127 107 0.861845
127 118 0.861034
