0 11 0.870555
0 114 0.867734
0 12 0.865631
0 44 0.865348
0 59 0.863931
0 126 0.862713
0 16 0.861110
0 64 0.860482
0 94 0.859435
0 120 0.859290
1 9 0.853323
1 116 0.838966
1 62 0.837346
1 11 0.833571
1 51 0.832054
1 93 0.830847
1 108 0.829091
1 59 0.828582
1 122 0.828247
1 100 0.827765
2 59 0.876925
2 119 0.869613
2 114 0.867085
2 67 0.864351
2 12 0.863948
2 64 0.863683
2 45 0.862566
2 9 0.862543
2 107 0.861468
2 126 0.861018
3 108 0.867536
3 19 0.864340
3 7 0.860206
3 95 0.859129
3 13 0.858946
3 12 0.857952
3 66 0.857690
3 57 0.855697
3 103 0.854336
3 109 0.853831
4 39 0.881389
4 40 0.878090
4 61 0.877478
4 60 0.877440
4 35 0.875569
4 58 0.875077
4 84 0.873833
4 96 0.872916
4 18 0.871946
4 28 0.871395
5 33 0.872854
5 96 0.872268
5 39 0.871470
5 61 0.870515
5 84 0.867938
5 113 0.866071
5 35 0.866032
5 4 0.865348
5 60 0.864943
5 28 0.864427
6 58 0.892245
6 83 0.890378
6 40 0.876004
6 106 0.873950
6 100 0.872319
6 98 0.872045
6 96 0.871552
6 73 0.871099
6 78 0.870601
6 61 0.869888
7 108 0.880291
7 98 0.869657
7 19 0.869437
7 13 0.869314
7 61 0.868264
7 66 0.863997
7 95 0.863923
7 57 0.863476
7 6 0.863467
7 17 0.863011
8 108 0.856780
8 12 0.855826
8 119 0.855566
8 13 0.854260
8 49 0.853932
8 107 0.851989
8 59 0.849091
8 57 0.849035
8 54 0.848715
8 86 0.848609
9 59 0.882880
9 12 0.868011
9 64 0.867575
9 67 0.867261
9 126 0.867011
9 114 0.866871
9 38 0.865396
9 2 0.862543
9 116 0.861286
9 107 0.859879
10 85 0.885565
10 18 0.881550
10 24 0.879868
10 27 0.878526
10 113 0.878519
10 25 0.875703
10 41 0.875483
10 82 0.875443
10 84 0.874066
10 60 0.871556
11 44 0.877082
11 51 0.874692
11 59 0.874608
11 12 0.872414
11 0 0.870555
11 94 0.870515
11 64 0.869931
11 56 0.868485
11 127 0.867990
11 116 0.867336
12 108 0.887415
12 59 0.886231
12 56 0.883547
12 54 0.879216
12 64 0.877132
12 67 0.873925
12 94 0.873088
12 61 0.872686
12 11 0.872414
12 19 0.871797
13 108 0.871353
13 7 0.869314
13 122 0.868529
13 103 0.866626
13 57 0.865751
13 19 0.860937
13 98 0.860890
13 95 0.860167
13 17 0.859411
13 3 0.858946
14 100 0.874207
14 116 0.871054
14 59 0.866756
14 111 0.866218
14 94 0.865917
14 11 0.865112
14 120 0.863648
14 109 0.863265
14 108 0.860123
14 81 0.859532
15 72 0.872385
15 76 0.866618
15 117 0.862258
15 102 0.861143
15 69 0.860186
15 87 0.857096
15 110 0.855910
15 50 0.855417
15 44 0.855388
15 27 0.853045
16 44 0.861517
16 11 0.861182
16 0 0.861110
16 116 0.860423
16 120 0.859411
16 12 0.857647
16 59 0.857264
16 126 0.855977
16 94 0.853481
16 62 0.853191
17 71 0.877316
17 108 0.865945
17 83 0.864003
17 7 0.863011
17 106 0.861363
17 61 0.861005
17 13 0.859411
17 6 0.857635
17 124 0.857203
17 103 0.856897
18 10 0.881550
18 113 0.881363
18 61 0.878828
18 82 0.877695
18 41 0.877364
18 84 0.874436
18 39 0.873639
18 27 0.873518
18 40 0.873011
18 35 0.872707
19 108 0.886734
19 95 0.884060
19 31 0.879905
19 66 0.879711
19 61 0.877312
19 52 0.875868
19 113 0.875336
19 30 0.873874
19 78 0.873028
19 12 0.871797
20 12 0.859821
20 54 0.859364
20 11 0.854456
20 119 0.854406
20 59 0.854401
20 107 0.852842
20 45 0.851730
20 51 0.850795
20 2 0.849771
20 38 0.848312
21 127 0.889476
21 94 0.884216
21 32 0.883982
21 88 0.869078
21 11 0.863991
21 59 0.859827
21 116 0.857743
21 12 0.855028
21 42 0.853888
21 54 0.852044
22 50 0.861351
22 95 0.857848
22 123 0.856569
22 66 0.856158
22 65 0.855474
22 110 0.852345
22 78 0.852334
22 43 0.850064
22 92 0.849601
22 19 0.848802
23 44 0.852828
23 117 0.850767
23 11 0.846911
23 94 0.846785
23 56 0.846134
23 50 0.845681
23 92 0.844926
23 49 0.842997
23 72 0.841893
23 111 0.840736
24 10 0.879868
24 85 0.864637
24 25 0.853311
24 18 0.850894
24 41 0.849285
24 95 0.848906
24 113 0.848783
24 82 0.847114
24 27 0.846567
24 115 0.845537
25 85 0.879999
25 10 0.875703
25 97 0.867419
25 27 0.863341
25 49 0.863127
25 83 0.861591
25 60 0.860097
25 61 0.860031
25 124 0.859967
25 50 0.859199
26 79 0.863033
26 61 0.862391
26 96 0.860660
26 84 0.860526
26 89 0.860323
26 27 0.856526
26 58 0.856447
26 112 0.856421
26 101 0.855443
26 52 0.854764
27 113 0.890560
27 61 0.890293
27 60 0.889818
27 68 0.886556
27 72 0.883319
27 35 0.878971
27 96 0.878932
27 10 0.878526
27 85 0.878065
27 82 0.876200
28 60 0.883164
28 39 0.875517
28 84 0.872881
28 113 0.872362
28 4 0.871395
28 40 0.869652
28 61 0.869061
28 29 0.868198
28 27 0.867621
28 34 0.866236
29 113 0.879782
29 39 0.873824
29 52 0.872609
29 60 0.870507
29 41 0.869750
29 18 0.869601
29 84 0.868810
29 90 0.868664
29 28 0.868198
29 61 0.868091
30 95 0.877947
30 19 0.873874
30 66 0.873531
30 43 0.872463
30 108 0.872168
30 78 0.871826
30 90 0.871529
30 109 0.869621
30 52 0.867445
30 31 0.866897
31 90 0.890079
31 52 0.886981
31 113 0.880113
31 19 0.879905
31 61 0.870978
31 91 0.869382
31 30 0.866897
31 109 0.866633
31 39 0.865192
31 108 0.864989
32 127 0.900186
32 21 0.883982
32 94 0.877264
32 88 0.874605
32 59 0.873045
32 64 0.863747
32 12 0.861980
32 114 0.858417
32 11 0.858201
32 126 0.857117
33 5 0.872854
33 96 0.851837
33 19 0.850676
33 61 0.847425
33 106 0.844581
33 113 0.844208
33 83 0.843717
33 39 0.843386
33 35 0.843071
33 18 0.842582
34 60 0.878735
34 27 0.872355
34 84 0.872187
34 61 0.870521
34 115 0.868516
34 101 0.867343
34 35 0.867184
34 39 0.867035
34 4 0.866665
34 72 0.866431
35 61 0.888478
35 96 0.886736
35 106 0.885805
35 58 0.885006
35 112 0.884678
35 40 0.882839
35 113 0.881713
35 98 0.880093
35 27 0.878971
35 39 0.878513
36 7 0.858366
36 108 0.856340
36 37 0.850781
36 103 0.849556
36 66 0.849457
36 19 0.849266
36 57 0.848295
36 13 0.847579
36 98 0.847355
36 3 0.847351
37 75 0.873158
37 108 0.863014
37 7 0.862102
37 83 0.856241
37 57 0.855653
37 66 0.855340
37 13 0.853977
37 19 0.853836
37 6 0.853591
37 98 0.853204
38 59 0.882618
38 67 0.881454
38 12 0.867687
38 107 0.867133
38 9 0.865397
38 64 0.864303
38 120 0.863561
38 114 0.862397
38 2 0.858219
38 11 0.857923
39 61 0.882351
39 113 0.881732
39 4 0.881389
39 52 0.880125
39 40 0.879910
39 84 0.879498
39 90 0.878759
39 35 0.878513
39 79 0.877194
39 60 0.875556
40 58 0.888054
40 61 0.884463
40 35 0.882839
40 113 0.881400
40 39 0.879910
40 4 0.878090
40 96 0.877243
40 52 0.877124
40 6 0.876004
40 90 0.875353
41 82 0.886440
41 18 0.877364
41 10 0.875483
41 113 0.871538
41 29 0.869750
41 91 0.864931
41 68 0.864211
41 27 0.862014
41 77 0.861404
41 60 0.859028
42 88 0.877245
42 94 0.867385
42 50 0.863107
42 127 0.861628
42 61 0.857374
42 113 0.856768
42 102 0.856336
42 106 0.856270
42 96 0.855592
42 60 0.854959
43 95 0.875056
43 30 0.872463
43 78 0.870122
43 66 0.866522
43 19 0.866406
43 80 0.864936
43 70 0.862879
43 12 0.860445
43 108 0.859816
43 116 0.856986
44 56 0.902632
44 92 0.880629
44 11 0.877082
44 12 0.870411
44 117 0.869173
44 0 0.865348
44 59 0.863092
44 126 0.862821
44 110 0.862495
44 54 0.862119
45 59 0.869172
45 64 0.867098
45 54 0.865643
45 107 0.864996
45 2 0.862567
45 12 0.861761
45 127 0.859917
45 119 0.857762
45 11 0.857297
45 114 0.856904
46 108 0.851702
46 49 0.850311
46 59 0.849649
46 12 0.849021
46 95 0.848694
46 19 0.846647
46 50 0.846218
46 85 0.846141
46 117 0.846138
46 86 0.845467
47 50 0.869964
47 65 0.869868
47 121 0.867152
47 118 0.864290
47 92 0.864227
47 110 0.862708
47 123 0.860931
47 25 0.857649
47 102 0.854949
47 60 0.853567
48 52 0.874199
48 61 0.872776
48 112 0.870226
48 113 0.870010
48 90 0.868554
48 96 0.867485
48 27 0.866830
48 84 0.864849
48 39 0.864758
48 60 0.864650
49 108 0.869511
49 12 0.866082
49 56 0.865224
49 50 0.864140
49 25 0.863127
49 86 0.861063
49 85 0.861003
49 11 0.860645
49 83 0.860474
49 92 0.860063
50 92 0.880311
50 65 0.876671
50 110 0.875442
50 61 0.871748
50 108 0.871090
50 123 0.870384
50 47 0.869964
50 27 0.869592
50 118 0.868648
50 117 0.868628
51 11 0.874692
51 62 0.866677
51 12 0.866668
51 108 0.864880
51 93 0.862370
51 54 0.862110
51 59 0.861166
51 111 0.860131
51 94 0.858417
51 126 0.858119
52 90 0.904302
52 113 0.894253
52 61 0.888606
52 31 0.886981
52 96 0.880737
52 39 0.880125
52 108 0.879381
52 109 0.877486
52 40 0.877124
52 60 0.876245
53 54 0.864901
53 86 0.854969
53 45 0.846282
53 127 0.839182
53 55 0.836183
53 12 0.834682
53 88 0.834209
53 42 0.834154
53 94 0.833381
53 74 0.831208
54 12 0.879216
54 56 0.871193
54 127 0.870483
54 59 0.870415
54 86 0.870082
54 94 0.869768
54 108 0.867756
54 11 0.866406
54 45 0.865643
54 53 0.864901
55 99 0.863950
55 86 0.863440
55 108 0.855085
55 123 0.854038
55 12 0.851918
55 54 0.848788
55 119 0.848630
55 49 0.847885
55 8 0.847679
55 19 0.847388
56 44 0.902631
56 92 0.893062
56 12 0.883547
56 108 0.875639
56 54 0.871193
56 110 0.870583
56 117 0.868552
56 11 0.868485
56 50 0.868446
56 61 0.867852
57 108 0.877201
57 19 0.869341
57 13 0.865751
57 61 0.865028
57 6 0.863807
57 52 0.863534
57 7 0.863476
57 78 0.863390
57 98 0.863148
57 95 0.862673
58 6 0.892245
58 40 0.888054
58 96 0.887951
58 106 0.886492
58 35 0.885006
58 61 0.884357
58 125 0.881007
58 100 0.880268
58 78 0.876686
58 52 0.875399
59 67 0.889589
59 12 0.886231
59 9 0.882880
59 38 0.882618
59 64 0.882062
59 114 0.878054
59 126 0.877086
59 2 0.876925
59 127 0.876911
59 11 0.874608
60 27 0.889818
60 28 0.883164
60 61 0.881347
60 113 0.880848
60 84 0.879508
60 34 0.878735
60 4 0.877440
60 52 0.876245
60 39 0.875556
60 72 0.875069
61 113 0.893142
61 27 0.890293
61 96 0.889984
61 52 0.888606
61 35 0.888478
61 108 0.886270
61 40 0.884463
61 58 0.884357
61 106 0.884038
61 39 0.882351
62 93 0.881444
62 51 0.866677
62 120 0.862967
62 108 0.859236
62 12 0.859021
62 94 0.857844
62 11 0.857324
62 59 0.855014
62 116 0.854159
62 50 0.853501
63 12 0.857953
63 116 0.853948
63 126 0.853032
63 59 0.852516
63 64 0.851050
63 54 0.844599
63 16 0.843984
63 107 0.843903
63 94 0.843097
63 21 0.842401
64 59 0.882062
64 107 0.877521
64 12 0.877132
64 114 0.870504
64 11 0.869931
64 126 0.869048
64 9 0.867575
64 45 0.867098
64 67 0.864909
64 38 0.864303
65 92 0.881081
65 110 0.879573
65 50 0.876671
65 121 0.873118
65 118 0.872760
65 47 0.869868
65 123 0.864227
65 72 0.862542
65 27 0.861278
65 117 0.857196
66 95 0.885017
66 19 0.879711
66 108 0.878520
66 30 0.873531
66 80 0.872832
66 78 0.871995
66 70 0.870701
66 12 0.867871
66 43 0.866522
66 7 0.863997
67 59 0.889589
67 38 0.881454
67 120 0.879384
67 12 0.873925
67 98 0.872191
67 114 0.870174
67 9 0.867261
67 108 0.866522
67 107 0.865923
67 64 0.864909
68 27 0.886556
68 113 0.877723
68 35 0.875022
68 61 0.874853
68 60 0.871906
68 18 0.871311
68 82 0.871156
68 10 0.870897
68 106 0.869742
68 96 0.868719
69 15 0.860186
69 102 0.860084
69 72 0.859300
69 39 0.855943
69 76 0.854923
69 87 0.853862
69 52 0.852990
69 91 0.852024
69 61 0.851827
69 113 0.851212
70 95 0.875734
70 66 0.870701
70 78 0.870199
70 80 0.864029
70 43 0.862879
70 19 0.862509
70 30 0.861775
70 108 0.861081
70 12 0.859801
70 103 0.853938
71 17 0.877316
71 124 0.874981
71 115 0.870652
71 79 0.870573
71 101 0.868378
71 84 0.865777
71 112 0.857501
71 30 0.857490
71 106 0.857274
71 13 0.856431
72 27 0.883319
72 60 0.875070
72 15 0.872385
72 61 0.870495
72 113 0.868550
72 110 0.867838
72 76 0.867672
72 102 0.867120
72 34 0.866431
72 68 0.865469
73 83 0.886980
73 124 0.875958
73 6 0.871099
73 39 0.854954
73 108 0.851644
73 4 0.850794
73 85 0.850675
73 19 0.848993
73 49 0.848643
73 61 0.846705
74 61 0.860217
74 52 0.857265
74 96 0.856070
74 58 0.853256
74 50 0.852979
74 35 0.852149
74 108 0.851883
74 12 0.850707
74 113 0.850365
74 39 0.850346
75 37 0.873158
75 66 0.837138
75 49 0.835747
75 83 0.834691
75 108 0.834156
75 121 0.833388
75 19 0.831437
75 73 0.831190
75 36 0.830954
75 85 0.830823
76 72 0.867672
76 15 0.866618
76 61 0.864902
76 113 0.862005
76 117 0.860709
76 96 0.859834
76 102 0.859773
76 52 0.859729
76 116 0.859579
76 56 0.859023
77 113 0.877731
77 27 0.873740
77 61 0.863407
77 10 0.862395
77 68 0.862392
77 41 0.861404
77 91 0.860934
77 85 0.860656
77 60 0.860272
77 29 0.858881
78 95 0.882230
78 58 0.876686
78 100 0.875339
78 19 0.873028
78 66 0.871995
78 30 0.871826
78 6 0.870601
78 80 0.870534
78 70 0.870199
78 43 0.870122
79 84 0.893071
79 101 0.890283
79 115 0.881090
79 39 0.877194
79 124 0.875429
79 61 0.875038
79 96 0.873447
79 71 0.870573
79 113 0.870441
79 106 0.870407
80 95 0.876453
80 66 0.872832
80 78 0.870534
80 43 0.864936
80 70 0.864029
80 30 0.863265
80 19 0.863116
80 12 0.858899
80 108 0.854055
80 31 0.853067
81 108 0.864789
81 19 0.859869
81 109 0.859545
81 14 0.859532
81 95 0.859440
81 113 0.858633
81 61 0.857308
81 120 0.856109
81 111 0.854861
81 7 0.854410
82 41 0.886440
82 18 0.877695
82 27 0.876200
82 10 0.875443
82 113 0.872900
82 61 0.871881
82 68 0.871156
82 96 0.870370
82 35 0.869091
82 84 0.867492
83 6 0.890378
83 73 0.886980
83 124 0.882848
83 108 0.877272
83 61 0.876855
83 39 0.873864
83 85 0.873186
83 106 0.871320
83 4 0.870221
83 52 0.869104
84 101 0.901019
84 79 0.893071
84 115 0.886270
84 61 0.880501
84 60 0.879508
84 39 0.879498
84 113 0.878153
84 96 0.877178
84 124 0.876573
84 18 0.874436
85 10 0.885565
85 61 0.881294
85 25 0.879999
85 113 0.878308
85 27 0.878065
85 108 0.876927
85 83 0.873186
85 52 0.871513
85 60 0.869641
85 18 0.869500
86 54 0.870082
86 108 0.864834
86 99 0.863521
86 55 0.863440
86 12 0.863276
86 49 0.861063
86 56 0.858631
86 123 0.855611
86 53 0.854969
86 50 0.853707
87 91 0.865255
87 117 0.860164
87 102 0.860155
87 110 0.859712
87 56 0.859501
87 92 0.857100
87 15 0.857096
87 44 0.855871
87 50 0.855681
87 25 0.854902
88 94 0.881469
88 42 0.877245
88 127 0.876200
88 32 0.874605
88 96 0.870351
88 61 0.869815
88 84 0.869749
88 21 0.869078
88 39 0.868697
88 113 0.866532
89 106 0.901849
89 96 0.887045
89 112 0.873558
89 58 0.873553
89 61 0.872460
89 101 0.871150
89 35 0.871135
89 84 0.866285
89 79 0.866021
89 4 0.865155
90 52 0.904302
90 31 0.890079
90 113 0.888965
90 61 0.880809
90 109 0.879439
90 39 0.878759
90 40 0.875353
90 96 0.873805
90 84 0.873270
90 30 0.871529
91 113 0.873361
91 60 0.872718
91 27 0.872371
91 31 0.869382
91 10 0.868746
91 117 0.866475
91 28 0.865316
91 87 0.865255
91 29 0.865206
91 41 0.864931
92 56 0.893062
92 65 0.881081
92 44 0.880629
92 110 0.880539
92 50 0.880311
92 121 0.871676
92 117 0.867481
92 123 0.865539
92 118 0.865058
92 47 0.864227
93 62 0.881444
93 51 0.862370
93 120 0.850336
93 16 0.845318
93 11 0.842461
93 38 0.841833
93 116 0.840162
93 0 0.838759
93 12 0.837842
93 9 0.837697
94 127 0.894197
94 21 0.884216
94 88 0.881469
94 32 0.877264
94 59 0.874410
94 12 0.873088
94 11 0.870515
94 54 0.869768
94 108 0.868484
94 113 0.868179
95 66 0.885017
95 19 0.884060
95 78 0.882230
95 108 0.879707
95 30 0.877947
95 80 0.876453
95 70 0.875734
95 43 0.875056
95 12 0.870595
95 59 0.868621
96 106 0.903108
96 61 0.889984
96 58 0.887951
96 89 0.887045
96 35 0.886736
96 112 0.880795
96 52 0.880737
96 113 0.880538
96 27 0.878932
96 101 0.878373
97 25 0.867419
97 85 0.859441
97 49 0.854864
97 92 0.850832
97 50 0.850504
97 105 0.850268
97 66 0.849870
97 108 0.848874
97 10 0.847164
97 65 0.846701
98 35 0.880093
98 108 0.877250
98 67 0.872191
98 6 0.872045
98 58 0.871842
98 61 0.871421
98 7 0.869657
98 120 0.869622
98 96 0.867509
98 106 0.866646
99 108 0.867437
99 55 0.863950
99 86 0.863521
99 19 0.859409
99 98 0.857537
99 61 0.856892
99 95 0.856847
99 6 0.854588
99 120 0.854152
99 57 0.853956
100 58 0.880268
100 78 0.875339
100 14 0.874207
100 6 0.872319
100 40 0.870977
100 109 0.867432
100 116 0.866486
100 108 0.862805
100 120 0.861098
100 98 0.860894
101 84 0.901019
101 79 0.890283
101 115 0.881010
101 96 0.878373
101 124 0.878005
101 61 0.874160
101 39 0.873479
101 106 0.872049
101 89 0.871150
101 60 0.869837
102 39 0.870869
102 72 0.867120
102 61 0.866720
102 58 0.864743
102 50 0.864413
102 35 0.864399
102 113 0.864149
102 4 0.863835
102 110 0.863798
102 52 0.863700
103 13 0.866626
103 108 0.864755
103 7 0.862914
103 98 0.856925
103 17 0.856897
103 57 0.856544
103 122 0.856027
103 95 0.855447
103 12 0.855258
103 3 0.854336
104 83 0.861488
104 61 0.855638
104 18 0.855112
104 108 0.854832
104 98 0.852717
104 17 0.851844
104 19 0.851723
104 39 0.851669
104 115 0.851662
104 35 0.851312
105 107 0.859967
105 92 0.855686
105 49 0.854264
105 44 0.853116
105 50 0.852771
105 11 0.852119
105 12 0.851243
105 97 0.850268
105 65 0.848447
105 56 0.847999
106 96 0.903108
106 89 0.901849
106 58 0.886492
106 35 0.885805
106 61 0.884038
106 112 0.880058
106 113 0.876095
106 52 0.876003
106 27 0.874439
106 6 0.873950
107 64 0.877521
107 59 0.874527
107 12 0.871696
107 114 0.871123
107 38 0.867133
107 67 0.865923
107 45 0.864996
107 11 0.862651
107 2 0.861468
107 105 0.859967
108 12 0.887415
108 19 0.886734
108 61 0.886270
108 7 0.880291
108 95 0.879707
108 113 0.879571
108 52 0.879381
108 66 0.878520
108 83 0.877272
108 98 0.877250
109 90 0.879439
109 52 0.877486
109 108 0.875056
109 19 0.871491
109 113 0.870530
109 30 0.869621
109 100 0.867432
109 61 0.866691
109 31 0.866633
109 78 0.865627
110 92 0.880539
110 65 0.879573
110 50 0.875442
110 56 0.870583
110 121 0.868164
110 72 0.867838
110 61 0.866611
110 27 0.866345
110 118 0.865070
110 102 0.863798
111 108 0.868965
111 59 0.868386
111 12 0.868367
111 14 0.866218
111 94 0.865355
111 95 0.864736
111 116 0.864304
111 11 0.863031
111 19 0.860758
111 51 0.860131
112 35 0.884678
112 61 0.881153
112 96 0.880795
112 106 0.880058
112 113 0.877817
112 40 0.873582
112 89 0.873558
112 39 0.872967
112 84 0.872933
112 58 0.872917
113 52 0.894253
113 61 0.893142
113 27 0.890560
113 90 0.888965
113 39 0.881732
113 35 0.881713
113 40 0.881400
113 18 0.881363
113 60 0.880848
113 96 0.880538
114 126 0.885560
114 59 0.878054
114 107 0.871123
114 64 0.870504
114 67 0.870174
114 0 0.867734
114 2 0.867085
114 9 0.866870
114 11 0.865425
114 12 0.864473
115 84 0.886270
115 79 0.881090
115 101 0.881010
115 71 0.870652
115 124 0.869885
115 61 0.869307
115 34 0.868516
115 113 0.865482
115 96 0.865312
115 112 0.861813
116 12 0.871478
116 14 0.871054
116 59 0.869348
116 94 0.867369
116 11 0.867336
116 120 0.866961
116 108 0.866535
116 100 0.866486
116 78 0.864793
116 111 0.864304
117 44 0.869173
117 50 0.868628
117 56 0.868552
117 108 0.868340
117 113 0.867728
117 12 0.867592
117 92 0.867481
117 27 0.866775
117 91 0.866476
117 72 0.864674
118 65 0.872760
118 50 0.868648
118 110 0.865070
118 92 0.865058
118 47 0.864290
118 121 0.859393
118 123 0.855628
118 102 0.853164
118 60 0.852079
118 27 0.851692
119 2 0.869613
119 12 0.868615
119 54 0.863239
119 59 0.861027
119 45 0.857762
119 107 0.857744
119 8 0.855566
119 114 0.854748
119 20 0.854406
119 64 0.854327
120 67 0.879384
120 59 0.874460
120 108 0.870157
120 98 0.869622
120 12 0.869577
120 116 0.866961
120 94 0.865468
120 35 0.865237
120 95 0.864023
120 14 0.863648
121 65 0.873118
121 92 0.871676
121 110 0.868164
121 50 0.868147
121 47 0.867152
121 118 0.859393
121 123 0.859184
121 117 0.858742
121 87 0.853610
121 49 0.852953
122 13 0.868529
122 7 0.862750
122 103 0.856027
122 26 0.854132
122 37 0.848791
122 3 0.848072
122 78 0.847399
122 108 0.847250
122 70 0.844072
122 57 0.843833
123 50 0.870384
123 92 0.865538
123 65 0.864227
123 47 0.860931
123 110 0.860515
123 121 0.859183
123 49 0.857559
123 22 0.856569
123 118 0.855628
123 86 0.855611
124 83 0.882848
124 101 0.878005
124 84 0.876573
124 73 0.875958
124 79 0.875429
124 71 0.874981
124 115 0.869885
124 6 0.869060
124 39 0.868534
124 61 0.864938
125 58 0.881007
125 40 0.871701
125 39 0.871060
125 35 0.869779
125 4 0.868695
125 6 0.868047
125 61 0.866772
125 96 0.864979
125 112 0.863880
125 106 0.862098
126 114 0.885560
126 59 0.877086
126 12 0.870681
126 64 0.869048
126 9 0.867011
126 11 0.863090
126 44 0.862821
126 0 0.862713
126 67 0.861483
126 2 0.861018
127 32 0.900186
127 94 0.894197
127 21 0.889476
127 59 0.876911
127 88 0.876200
127 54 0.870483
127 12 0.870110
127 11 0.867990
127 42 0.861628
127 64 0.861413
